-0.15354,0.14771,-1.6104
-0.15354,0.14771,-1.6104
-0.15355,0.14771,-1.6104
-0.15356,0.1477,-1.6104
-0.15359,0.14769,-1.6105
-0.15362,0.14767,-1.6105
-0.15365,0.14764,-1.6105
-0.15367,0.14762,-1.6105
-0.15368,0.14759,-1.6105
-0.15367,0.14757,-1.6105
-0.15365,0.14755,-1.6106
-0.15361,0.14754,-1.6106
-0.15356,0.14754,-1.6106
-0.1535,0.14754,-1.6106
-0.15345,0.14755,-1.6106
-0.15339,0.14758,-1.6106
-0.15333,0.14761,-1.6106
-0.15329,0.14766,-1.6106
-0.15325,0.14773,-1.6107
-0.15322,0.1478,-1.6107
-0.15321,0.14788,-1.6107
-0.15321,0.14796,-1.6108
-0.15322,0.14804,-1.6108
-0.15326,0.14811,-1.6109
-0.1533,0.14817,-1.6109
-0.15337,0.14821,-1.611
-0.15344,0.14824,-1.6111
-0.15353,0.14825,-1.6111
-0.15364,0.14825,-1.6112
-0.15375,0.14825,-1.6113
-0.15387,0.14825,-1.6113
-0.15399,0.14826,-1.6114
-0.15411,0.14826,-1.6114
-0.15423,0.14827,-1.6115
-0.15435,0.14827,-1.6115
-0.15447,0.14828,-1.6115
-0.15459,0.14827,-1.6116
-0.15469,0.14826,-1.6116
-0.15479,0.14824,-1.6116
-0.15487,0.14822,-1.6116
-0.15494,0.14821,-1.6116
-0.15497,0.14821,-1.6116
-0.15499,0.14823,-1.6116
-0.15497,0.14827,-1.6116
-0.15493,0.14833,-1.6117
-0.15486,0.14841,-1.6117
-0.15478,0.14849,-1.6117
-0.1547,0.14858,-1.6117
-0.15461,0.14866,-1.6117
-0.15454,0.14872,-1.6118
-0.15449,0.14876,-1.6118
-0.15445,0.14878,-1.6118
-0.15443,0.14879,-1.6118
-0.15443,0.14879,-1.6118
-0.15444,0.14879,-1.6118
-0.15446,0.1488,-1.6118
-0.15449,0.14882,-1.6118
-0.15453,0.14885,-1.6118
-0.15457,0.14888,-1.6119
-0.15462,0.14892,-1.6119
-0.15467,0.14896,-1.612
-0.15473,0.149,-1.612
-0.15479,0.14903,-1.612
-0.15485,0.14907,-1.6121
-0.15491,0.14911,-1.6121
-0.15496,0.14915,-1.6121
-0.155,0.1492,-1.6122
-0.15503,0.14924,-1.6122
-0.15506,0.14928,-1.6122
-0.15509,0.14932,-1.6122
-0.15512,0.14933,-1.6122
-0.15515,0.14934,-1.6122
-0.15518,0.14934,-1.6122
-0.15521,0.14934,-1.6122
-0.15522,0.14933,-1.6122
-0.15523,0.14933,-1.6121
-0.15521,0.14933,-1.6121
-0.15518,0.14934,-1.6121
-0.15512,0.14936,-1.612
-0.15505,0.14938,-1.612
-0.15496,0.14942,-1.612
-0.15487,0.14946,-1.6119
-0.15477,0.1495,-1.6119
-0.15469,0.14953,-1.6119
-0.15462,0.14954,-1.6119
-0.15458,0.14953,-1.6118
-0.15457,0.14949,-1.6118
-0.15458,0.14943,-1.6117
-0.15461,0.14934,-1.6117
-0.15467,0.14922,-1.6116
-0.15475,0.1491,-1.6115
-0.15484,0.14897,-1.6114
-0.15491,0.14888,-1.6114
-0.15492,0.14887,-1.6114
-0.15482,0.14902,-1.6114
-0.15454,0.14941,-1.6116
-0.154,0.15015,-1.612
-0.15312,0.15132,-1.6125
-0.15188,0.15295,-1.6133
-0.15031,0.15497,-1.6143
-0.14859,0.15717,-1.6154
-0.14695,0.15923,-1.6164
-0.14561,0.16093,-1.6172
-0.14466,0.16219,-1.6178
-0.14407,0.16304,-1.6183
-0.14379,0.16356,-1.6186
-0.14373,0.16382,-1.6187
-0.14383,0.16391,-1.6188
-0.14402,0.1639,-1.6188
-0.14426,0.16381,-1.6188
-0.14451,0.16368,-1.6188
-0.14477,0.16353,-1.6188
-0.14502,0.16335,-1.6188
-0.14524,0.16315,-1.6188
-0.14545,0.16293,-1.6188
-0.14562,0.1627,-1.6188
-0.14576,0.16246,-1.6187
-0.14587,0.16222,-1.6187
-0.14593,0.16199,-1.6187
-0.14596,0.16179,-1.6186
-0.14595,0.16161,-1.6186
-0.1459,0.16146,-1.6186
-0.14582,0.16136,-1.6186
-0.14572,0.16129,-1.6186
-0.1456,0.16125,-1.6186
-0.14548,0.16124,-1.6187
-0.14536,0.16126,-1.6188
-0.14524,0.1613,-1.6189
-0.14512,0.16135,-1.619
-0.14502,0.16141,-1.6191
-0.14493,0.16147,-1.6192
-0.14486,0.16152,-1.6193
-0.14479,0.16157,-1.6194
-0.14474,0.1616,-1.6196
-0.1447,0.16162,-1.6197
-0.14467,0.16161,-1.6197
-0.14465,0.16159,-1.6198
-0.14463,0.16157,-1.6199
-0.1446,0.16154,-1.62
-0.14457,0.16151,-1.6201
-0.14452,0.16149,-1.6201
-0.14446,0.16146,-1.6202
-0.14439,0.16143,-1.6203
-0.14431,0.16139,-1.6204
-0.14422,0.16134,-1.6204
-0.14413,0.16128,-1.6205
-0.14404,0.16121,-1.6205
-0.14395,0.16112,-1.6206
-0.14386,0.16101,-1.6206
-0.14378,0.1609,-1.6206
-0.14369,0.16077,-1.6206
-0.14361,0.16063,-1.6206
-0.14352,0.16049,-1.6206
-0.14343,0.16034,-1.6206
-0.14333,0.16019,-1.6206
-0.14324,0.16004,-1.6206
-0.14314,0.1599,-1.6206
-0.14305,0.15977,-1.6206
-0.14295,0.15965,-1.6206
-0.14286,0.15956,-1.6206
-0.14277,0.15948,-1.6206
-0.1427,0.15942,-1.6206
-0.14265,0.15938,-1.6207
-0.14261,0.15935,-1.6208
-0.1426,0.15934,-1.6209
-0.14261,0.15934,-1.621
-0.14264,0.15935,-1.621
-0.1427,0.15937,-1.6211
-0.14277,0.15939,-1.6212
-0.14287,0.15941,-1.6213
-0.143,0.15943,-1.6214
-0.14313,0.15946,-1.6215
-0.14328,0.15948,-1.6216
-0.14342,0.15951,-1.6217
-0.14356,0.15955,-1.6217
-0.14369,0.15959,-1.6218
-0.1438,0.15965,-1.6219
-0.14389,0.15973,-1.622
-0.14395,0.15983,-1.6221
-0.14398,0.15995,-1.6223
-0.144,0.16009,-1.6224
-0.144,0.16025,-1.6226
-0.14401,0.16042,-1.6228
-0.14402,0.16059,-1.6229
-0.14405,0.16074,-1.6231
-0.14409,0.16088,-1.6233
-0.14415,0.16098,-1.6234
-0.14423,0.16106,-1.6235
-0.14432,0.16111,-1.6236
-0.14442,0.16115,-1.6237
-0.1445,0.16119,-1.6237
-0.14456,0.16125,-1.6238
-0.14457,0.16134,-1.6239
-0.14453,0.1615,-1.624
-0.14441,0.16173,-1.6241
-0.14422,0.16205,-1.6243
-0.14395,0.16245,-1.6245
-0.14363,0.16292,-1.6247
-0.14325,0.16346,-1.6249
-0.14284,0.16405,-1.6252
-0.14242,0.1647,-1.6255
-0.14197,0.16538,-1.6258
-0.14152,0.16611,-1.6261
-0.14106,0.16686,-1.6264
-0.14058,0.16762,-1.6267
-0.1401,0.16838,-1.627
-0.13961,0.16911,-1.6273
-0.13911,0.16981,-1.6275
-0.1386,0.17048,-1.6277
-0.13806,0.17112,-1.6278
-0.13749,0.17173,-1.628
-0.13689,0.17231,-1.6281
-0.13626,0.17286,-1.6281
-0.1356,0.17337,-1.6282
-0.13491,0.17384,-1.6282
-0.13419,0.17426,-1.6282
-0.13345,0.17463,-1.6281
-0.13266,0.17496,-1.628
-0.13185,0.17525,-1.6279
-0.131,0.17549,-1.6277
-0.13013,0.17569,-1.6275
-0.12925,0.17582,-1.6272
-0.12836,0.17591,-1.627
-0.12747,0.17592,-1.6266
-0.12661,0.17587,-1.6263
-0.12579,0.17573,-1.6259
-0.12502,0.17551,-1.6254
-0.12429,0.1752,-1.625
-0.1236,0.17481,-1.6244
-0.12293,0.17435,-1.6239
-0.12229,0.17385,-1.6233
-0.12167,0.17333,-1.6227
-0.12106,0.17281,-1.6221
-0.12047,0.17231,-1.6216
-0.11989,0.17183,-1.621
-0.11932,0.1714,-1.6204
-0.11875,0.17103,-1.6199
-0.11817,0.17071,-1.6194
-0.11758,0.17047,-1.6189
-0.11697,0.17029,-1.6185
-0.11633,0.17019,-1.6181
-0.11566,0.17015,-1.6177
-0.11498,0.17017,-1.6174
-0.11428,0.17024,-1.6171
-0.11359,0.17036,-1.6168
-0.11291,0.17049,-1.6165
-0.11225,0.17065,-1.6162
-0.11162,0.17081,-1.6159
-0.11102,0.17098,-1.6156
-0.11045,0.17115,-1.6153
-0.10991,0.17132,-1.615
-0.10937,0.1715,-1.6147
-0.10882,0.17169,-1.6145
-0.10825,0.17191,-1.6142
-0.10763,0.17217,-1.6139
-0.10697,0.17247,-1.6136
-0.10628,0.17283,-1.6134
-0.10555,0.17325,-1.6132
-0.1048,0.17375,-1.6131
-0.10404,0.17433,-1.613
-0.10329,0.17498,-1.6131
-0.10257,0.1757,-1.6132
-0.10189,0.17648,-1.6135
-0.10128,0.17729,-1.6138
-0.10077,0.1781,-1.6143
-0.10036,0.17887,-1.6148
-0.1001,0.17955,-1.6153
-0.099971,0.18011,-1.6158
-0.099989,0.18053,-1.6163
-0.10016,0.18078,-1.6167
-0.10048,0.18085,-1.6171
-0.10094,0.18075,-1.6175
-0.10153,0.18051,-1.6177
-0.10223,0.18017,-1.6179
-0.103,0.17979,-1.6181
-0.1038,0.17949,-1.6184
-0.10457,0.17937,-1.6186
-0.10523,0.17957,-1.6191
-0.10572,0.18022,-1.6198
-0.10596,0.18147,-1.6207
-0.10587,0.1834,-1.6221
-0.1054,0.18607,-1.6238
-0.1045,0.18951,-1.6259
-0.10315,0.19369,-1.6284
-0.10134,0.19856,-1.6311
-0.09907,0.20406,-1.6342
-0.096347,0.21014,-1.6374
-0.09319,0.21675,-1.6409
-0.08962,0.22387,-1.6445
-0.085662,0.23147,-1.6483
-0.081337,0.23957,-1.6523
-0.076666,0.24817,-1.6564
-0.071668,0.25727,-1.6606
-0.066371,0.26686,-1.6649
-0.060819,0.27691,-1.6692
-0.055067,0.28737,-1.6735
-0.049168,0.29823,-1.6775
-0.043142,0.30948,-1.6811
-0.036958,0.32117,-1.6842
-0.030534,0.33341,-1.6867
-0.023731,0.34636,-1.6886
-0.016346,0.36024,-1.6899
-0.0081194,0.37532,-1.6907
0.0012475,0.39187,-1.6908
0.012046,0.41013,-1.6903
0.024513,0.43029,-1.6892
0.038782,0.45242,-1.6873
0.054855,0.4765,-1.6844
0.072597,0.50236,-1.6801
0.091735,0.52971,-1.6743
0.11189,0.55815,-1.6664
0.13263,0.5872,-1.6562
0.1536,0.61643,-1.6435
0.17452,0.64541,-1.6284
0.19516,0.67378,-1.6109
0.21531,0.70122,-1.5915
0.23478,0.72742,-1.5706
0.25337,0.75212,-1.549
0.27093,0.77506,-1.5275
0.28733,0.79602,-1.5072
0.30251,0.81474,-1.4892
0.31646,0.83096,-1.475
0.32918,0.84436,-1.4657
0.34071,0.85461,-1.4623
0.35109,0.86137,-1.4653
0.36038,0.86435,-1.4742
0.36857,0.86332,-1.4881
0.3757,0.85818,-1.5053
0.38176,0.84891,-1.5242
0.38677,0.83562,-1.5431
0.3908,0.81853,-1.561
0.39397,0.79799,-1.5772
0.39642,0.77438,-1.5911
0.39822,0.74808,-1.6027
0.39938,0.71942,-1.6119
0.39986,0.68872,-1.6187
0.39963,0.65626,-1.6234
0.39868,0.62235,-1.626
0.39699,0.58729,-1.6265
0.39455,0.55141,-1.6253
0.39139,0.5151,-1.6225
0.38757,0.4788,-1.6185
0.38317,0.44302,-1.6135
0.37833,0.40833,-1.608
0.37318,0.37531,-1.6021
0.36788,0.34456,-1.5959
0.36251,0.3166,-1.5895
0.35717,0.29188,-1.5828
0.35188,0.2707,-1.5757
0.34665,0.25324,-1.5683
0.34142,0.23947,-1.5605
0.33618,0.22914,-1.5523
0.3309,0.22182,-1.5438
0.32561,0.21688,-1.5349
0.32034,0.21365,-1.5254
0.31518,0.2115,-1.5151
0.31025,0.21003,-1.504
0.30571,0.20913,-1.4922
0.30171,0.20898,-1.48
0.29835,0.2099,-1.4683
0.29566,0.21221,-1.4577
0.29361,0.21612,-1.4491
0.2921,0.22164,-1.4432
0.291,0.22858,-1.4403
0.2901,0.23661,-1.4404
0.28918,0.24529,-1.4432
0.28799,0.25413,-1.4482
0.28625,0.26264,-1.4546
0.28372,0.2704,-1.4617
0.28023,0.2771,-1.4691
0.27573,0.28257,-1.4764
0.27029,0.28682,-1.4833
0.26409,0.28995,-1.4898
0.25732,0.29214,-1.496
0.25021,0.29361,-1.5018
0.24288,0.29453,-1.5074
0.2354,0.29504,-1.5128
0.22784,0.29524,-1.5182
0.22026,0.2952,-1.5235
0.21274,0.29494,-1.5288
0.20535,0.29445,-1.5339
0.19813,0.29372,-1.5388
0.1911,0.29271,-1.5435
0.18427,0.29142,-1.548
0.17763,0.28985,-1.5522
0.17115,0.28802,-1.5562
0.16481,0.286,-1.56
0.15859,0.28384,-1.5637
0.15249,0.28167,-1.5672
0.14651,0.27958,-1.5708
0.14068,0.27769,-1.5744
0.13502,0.27609,-1.5781
0.12956,0.27482,-1.582
0.12433,0.2739,-1.586
0.11934,0.2733,-1.5901
0.11463,0.27296,-1.5943
0.11021,0.27279,-1.5984
0.10607,0.27273,-1.6025
0.10222,0.27271,-1.6065
0.098665,0.27273,-1.6103
0.095449,0.27281,-1.614
0.0926,0.273,-1.6178
0.090122,0.27335,-1.6215
0.087991,0.27384,-1.6253
0.086161,0.27447,-1.6293
0.084567,0.2752,-1.6333
0.083143,0.27596,-1.6375
0.081821,0.27673,-1.6417
0.080544,0.27745,-1.6461
0.079266,0.27809,-1.6505
0.077952,0.27865,-1.6549
0.076576,0.27913,-1.6593
0.075114,0.27953,-1.6638
0.073539,0.27987,-1.6682
0.071818,0.28014,-1.6727
0.069903,0.28034,-1.6771
0.067738,0.28041,-1.6816
0.065251,0.28032,-1.6861
0.06238,0.28,-1.6906
0.059071,0.27937,-1.695
0.055293,0.2784,-1.6993
0.051027,0.27705,-1.7035
0.046265,0.27528,-1.7076
0.041007,0.27311,-1.7116
0.035267,0.27054,-1.7155
0.02907,0.26761,-1.7192
0.02246,0.26435,-1.7229
0.015499,0.26086,-1.7266
0.0082727,0.25722,-1.7302
0.00088687,0.25356,-1.7337
-0.0065452,0.25003,-1.7374
-0.01393,0.24675,-1.7411
-0.021211,0.24383,-1.7449
-0.028365,0.24133,-1.7489
-0.035406,0.23926,-1.7532
-0.042369,0.23763,-1.7577
-0.049302,0.23639,-1.7625
-0.056257,0.23552,-1.7675
-0.063284,0.23504,-1.773
-0.070429,0.23496,-1.7787
-0.077707,0.23542,-1.7848
-0.085067,0.2366,-1.7913
-0.092377,0.23876,-1.7982
-0.099437,0.24221,-1.8055
-0.10601,0.2473,-1.8129
-0.11183,0.25437,-1.8202
-0.11664,0.26373,-1.8271
-0.12016,0.2757,-1.8331
-0.12215,0.29055,-1.8379
-0.1224,0.30847,-1.8412
-0.12076,0.32958,-1.8427
-0.11714,0.35387,-1.8422
-0.1115,0.38123,-1.8395
-0.10385,0.41146,-1.8341
-0.094239,0.44428,-1.8259
-0.082796,0.47937,-1.8144
-0.069688,0.51636,-1.7996
-0.055135,0.55488,-1.7813
-0.039397,0.59452,-1.7594
-0.022762,0.63488,-1.734
-0.0055304,0.67558,-1.7053
0.012004,0.71625,-1.6737
0.029586,0.75659,-1.6399
0.047008,0.79631,-1.6046
0.064116,0.83512,-1.5689
0.080807,0.87271,-1.5337
0.097018,0.90876,-1.5004
0.11273,0.94294,-1.4703
0.128,0.97494,-1.4448
0.14294,1.0045,-1.4253
0.1578,1.0315,-1.413
0.17284,1.0558,-1.4079
0.18824,1.0772,-1.4094
0.20406,1.0955,-1.4159
0.22024,1.1104,-1.4257
0.23663,1.1218,-1.4371
0.25306,1.1294,-1.4486
0.26931,1.1331,-1.4594
0.28518,1.133,-1.4691
0.30047,1.129,-1.4776
0.31494,1.1211,-1.4852
0.32836,1.1094,-1.4923
0.34055,1.0939,-1.4991
0.35143,1.0747,-1.5059
0.36102,1.0519,-1.5127
0.36942,1.0258,-1.5195
0.37679,0.99654,-1.5263
0.38324,0.96442,-1.5328
0.38879,0.92961,-1.5389
0.39335,0.8922,-1.5444
0.39672,0.85227,-1.5493
0.39864,0.80983,-1.5533
0.39892,0.76495,-1.5564
0.39753,0.71779,-1.5585
0.39469,0.66866,-1.5597
0.39077,0.61799,-1.5598
0.38611,0.56623,-1.559
0.38094,0.51384,-1.5573
0.37539,0.46128,-1.5549
0.36952,0.409,-1.5519
0.36333,0.35754,-1.5487
0.35685,0.30745,-1.5453
0.35016,0.25941,-1.5419
0.34346,0.21419,-1.5388
0.33703,0.17268,-1.5359
0.33121,0.13579,-1.5332
0.32638,0.10446,-1.5308
0.32281,0.079498,-1.5284
0.32071,0.061512,-1.526
0.32007,0.050745,-1.5231
0.32069,0.04699,-1.5194
0.32219,0.049564,-1.5146
0.32404,0.057362,-1.5083
0.32561,0.068981,-1.5007
0.32628,0.082881,-1.4916
0.32555,0.097597,-1.4808
0.32312,0.11195,-1.4683
0.3189,0.12519,-1.4541
0.3131,0.13713,-1.4385
0.30612,0.14807,-1.4222
0.29857,0.15873,-1.4064
0.29109,0.16999,-1.3924
0.28424,0.18265,-1.3817
0.27838,0.19718,-1.3754
0.27367,0.21366,-1.3743
0.27004,0.23176,-1.3786
0.2672,0.25085,-1.3877
0.26472,0.27016,-1.4007
0.26211,0.28886,-1.4163
0.25885,0.30622,-1.4333
0.25452,0.32165,-1.4508
0.24883,0.33476,-1.4678
0.24168,0.34538,-1.484
0.2331,0.35355,-1.499
0.22328,0.35947,-1.5127
0.2125,0.36351,-1.5253
0.2011,0.36609,-1.537
0.18941,0.36767,-1.5479
0.17777,0.36866,-1.5583
0.1665,0.36943,-1.5684
0.15586,0.37023,-1.5783
0.14605,0.37123,-1.588
0.13716,0.37241,-1.5976
0.12921,0.37366,-1.6068
0.1221,0.37478,-1.6156
0.11574,0.37559,-1.624
0.11001,0.37592,-1.6318
0.10485,0.37572,-1.639
0.10019,0.37498,-1.6457
0.095883,0.37372,-1.652
0.091676,0.37193,-1.6579
0.087319,0.36958,-1.6636
0.082677,0.36674,-1.669
0.077735,0.36346,-1.6745
0.072538,0.35984,-1.6798
0.067144,0.35592,-1.6851
0.061597,0.35174,-1.6905
0.055885,0.34732,-1.6957
0.049944,0.3426,-1.701
0.043683,0.33749,-1.7062
0.03701,0.3319,-1.7113
0.02984,0.32571,-1.7162
0.022106,0.31884,-1.7209
0.013768,0.31126,-1.7255
0.0048266,0.303,-1.7298
-0.0046747,0.29413,-1.7339
-0.014652,0.28481,-1.7379
-0.024987,0.27521,-1.7417
-0.03554,0.26554,-1.7454
-0.046164,0.256,-1.7491
-0.056725,0.2468,-1.7528
-0.067114,0.23812,-1.7565
-0.077233,0.23012,-1.7601
-0.086991,0.223,-1.7638
-0.096303,0.21695,-1.7674
-0.10511,0.21211,-1.771
-0.11339,0.20862,-1.7743
-0.12112,0.20657,-1.7775
-0.12832,0.20606,-1.7805
-0.13503,0.20714,-1.7833
-0.1413,0.20982,-1.7861
-0.14719,0.21405,-1.7887
-0.15279,0.21974,-1.7911
-0.15817,0.22678,-1.7932
-0.1634,0.23506,-1.7948
-0.16851,0.24447,-1.7959
-0.17349,0.25498,-1.7961
-0.17825,0.26664,-1.7955
-0.18271,0.27955,-1.7936
-0.18671,0.29393,-1.7905
-0.19008,0.31005,-1.7857
-0.19258,0.32823,-1.7792
-0.19397,0.34884,-1.7705
-0.19391,0.37224,-1.7595
-0.19209,0.39883,-1.7458
-0.18814,0.42889,-1.7293
-0.18179,0.46264,-1.7096
-0.1728,0.50011,-1.6866
-0.16107,0.54121,-1.6602
-0.14662,0.58564,-1.6308
-0.12959,0.63295,-1.5986
-0.11025,0.68257,-1.5642
-0.088972,0.7338,-1.5286
-0.066164,0.78585,-1.4925
-0.042253,0.83788,-1.457
-0.017656,0.88902,-1.4234
0.0072457,0.93844,-1.3933
0.032117,0.98539,-1.3684
0.056681,1.0293,-1.3504
0.08071,1.0696,-1.34
0.10402,1.106,-1.337
0.12645,1.1382,-1.3402
0.14789,1.1657,-1.3479
0.16831,1.1885,-1.3581
0.1877,1.2064,-1.3693
0.20612,1.2193,-1.3804
0.22366,1.2274,-1.3906
0.2404,1.2307,-1.3999
0.2564,1.2296,-1.4082
0.27169,1.2242,-1.4159
0.28628,1.2146,-1.4234
0.30022,1.2012,-1.4308
0.31363,1.1843,-1.4386
0.32665,1.164,-1.4467
0.33934,1.1405,-1.4552
0.35163,1.1142,-1.464
0.36341,1.0849,-1.473
0.37454,1.0528,-1.4819
0.3849,1.0179,-1.4907
0.39438,0.98039,-1.4991
0.40288,0.94026,-1.5071
0.41029,0.89765,-1.5144
0.41651,0.85268,-1.521
0.42146,0.80552,-1.5268
0.42507,0.75639,-1.5314
0.42734,0.70554,-1.5347
0.42826,0.65325,-1.5366
0.42787,0.59983,-1.5374
0.42621,0.54563,-1.5372
0.42339,0.49107,-1.5366
0.41949,0.43669,-1.5361
0.41466,0.38309,-1.5362
0.40901,0.331,-1.5375
0.40272,0.28125,-1.5401
0.39604,0.23474,-1.5439
0.38923,0.19241,-1.5487
0.38265,0.15517,-1.5539
0.37663,0.12385,-1.5586
0.37146,0.099113,-1.5622
0.36729,0.081338,-1.5639
0.3641,0.070566,-1.5633
0.3617,0.066445,-1.56
0.35975,0.068241,-1.5536
0.35786,0.074876,-1.5443
0.35559,0.085025,-1.5322
0.35255,0.09724,-1.5177
0.34841,0.11014,-1.5012
0.343,0.12266,-1.4831
0.33636,0.13423,-1.464
0.32874,0.14487,-1.4448
0.32058,0.15508,-1.4265
0.3124,0.16561,-1.41
0.30467,0.17715,-1.3962
0.29777,0.19012,-1.3857
0.29187,0.20454,-1.3791
0.28691,0.22008,-1.3765
0.28267,0.23614,-1.3778
0.27882,0.25207,-1.3827
0.27503,0.26728,-1.391
0.27099,0.2813,-1.4018
0.26645,0.29379,-1.4144
0.26119,0.30455,-1.428
0.25502,0.31344,-1.4421
0.24783,0.32041,-1.4559
0.23964,0.3255,-1.4692
0.23054,0.32883,-1.4817
0.22074,0.33062,-1.4932
0.2105,0.33118,-1.5039
0.20012,0.33085,-1.5139
0.18988,0.32997,-1.5233
0.18002,0.32882,-1.5323
0.17069,0.32755,-1.5411
0.1619,0.32622,-1.5497
0.15355,0.3247,-1.5581
0.14543,0.32281,-1.5662
0.13728,0.32031,-1.574
0.12892,0.31707,-1.5815
0.12031,0.31308,-1.5885
0.11154,0.30845,-1.5952
0.10284,0.30345,-1.6017
0.094525,0.29838,-1.6081
0.086822,0.29351,-1.6144
0.079788,0.28898,-1.6207
0.073344,0.28481,-1.627
0.067389,0.28094,-1.6333
0.061837,0.27732,-1.6397
0.056613,0.27387,-1.6459
0.051636,0.27057,-1.6522
0.046818,0.26738,-1.6585
0.042059,0.26427,-1.6648
0.037248,0.2612,-1.6711
0.032265,0.25811,-1.6774
0.026983,0.25492,-1.6837
0.021268,0.25157,-1.6901
0.014984,0.248,-1.6965
0.0080049,0.24415,-1.7028
0.00022,0.23999,-1.7092
-0.0084424,0.23554,-1.7156
-0.017999,0.23087,-1.722
-0.028402,0.22612,-1.7285
-0.039534,0.22147,-1.7352
-0.051226,0.21715,-1.7422
-0.063279,0.2134,-1.7496
-0.075484,0.21049,-1.7576
-0.087648,0.20864,-1.7662
-0.099603,0.20801,-1.7756
-0.11122,0.20872,-1.7858
-0.12241,0.2108,-1.7968
-0.13312,0.21426,-1.8084
-0.14329,0.2191,-1.8203
-0.1529,0.22534,-1.8322
-0.16188,0.23304,-1.8437
-0.17019,0.24232,-1.8543
-0.17777,0.25334,-1.8635
-0.18457,0.26632,-1.8709
-0.19052,0.2815,-1.8763
-0.19555,0.29913,-1.8792
-0.19953,0.31948,-1.8793
-0.20224,0.34285,-1.8764
-0.2034,0.36953,-1.8698
-0.20263,0.3998,-1.8593
-0.19957,0.43384,-1.8444
-0.19392,0.47164,-1.8247
-0.18545,0.51305,-1.7997
-0.17411,0.55767,-1.7692
-0.16004,0.60497,-1.733
-0.14351,0.65424,-1.6915
-0.12493,0.70477,-1.6455
-0.10477,0.75584,-1.5965
-0.083489,0.8068,-1.5464
-0.061493,0.85701,-1.4972
-0.039084,0.90587,-1.4509
-0.01649,0.95275,-1.4093
0.0061142,0.99709,-1.3741
0.028582,1.0384,-1.3466
0.050781,1.0762,-1.3281
0.07258,1.1102,-1.3187
0.093852,1.1402,-1.3179
0.11449,1.1658,-1.3237
0.13441,1.1868,-1.3339
0.15363,1.2032,-1.3462
0.17231,1.2149,-1.3589
0.19075,1.2222,-1.3708
0.2091,1.2252,-1.3812
0.22734,1.2242,-1.3904
0.24529,1.2194,-1.3986
0.26273,1.2108,-1.4064
0.27946,1.1985,-1.4143
0.29532,1.1826,-1.4228
0.31016,1.1632,-1.4319
0.32393,1.1403,-1.4417
0.3366,1.1141,-1.452
0.3482,1.0846,-1.4625
0.35875,1.052,-1.473
0.36832,1.0163,-1.4831
0.37694,0.9777,-1.4924
0.3846,0.93624,-1.5008
0.39127,0.89197,-1.508
0.39685,0.84488,-1.5138
0.40123,0.79495,-1.5183
0.40424,0.7421,-1.5212
0.40565,0.68625,-1.5226
0.40523,0.62736,-1.5226
0.40283,0.56555,-1.5213
0.39845,0.50117,-1.519
0.39227,0.43486,-1.5161
0.3846,0.36763,-1.5132
0.37585,0.3008,-1.5111
0.36649,0.23605,-1.5105
0.35705,0.17529,-1.5117
0.34817,0.12063,-1.515
0.34053,0.074188,-1.5198
0.33479,0.037864,-1.5254
0.33144,0.013048,-1.5311
0.33068,0.00034715,-1.5362
0.33232,-0.00063256,-1.5402
0.33573,0.0086808,-1.5431
0.33993,0.026027,-1.545
0.34377,0.048681,-1.5459
0.34619,0.073846,-1.5452
0.34638,0.098982,-1.5422
0.34388,0.12207,-1.536
0.3386,0.14182,-1.5259
0.33084,0.15784,-1.5117
0.32118,0.17058,-1.4939
0.31041,0.18112,-1.4741
0.29942,0.19087,-1.4539
0.28905,0.20116,-1.4352
0.27995,0.2129,-1.4193
0.27243,0.22643,-1.4073
0.26652,0.24155,-1.3996
0.26199,0.25764,-1.3965
0.25848,0.27396,-1.3977
0.25561,0.28977,-1.4029
0.25304,0.30457,-1.4114
0.25044,0.318,-1.4224
0.24757,0.32991,-1.4351
0.24423,0.34026,-1.4487
0.24027,0.34905,-1.4628
0.23559,0.35631,-1.4766
0.23012,0.36207,-1.49
0.22387,0.3664,-1.5027
0.21692,0.36947,-1.5145
0.20943,0.37152,-1.5257
0.20167,0.37287,-1.5362
0.19385,0.37377,-1.5463
0.18614,0.37442,-1.5562
0.17857,0.37481,-1.5657
0.17111,0.37482,-1.5751
0.16368,0.37425,-1.5841
0.15619,0.37291,-1.5927
0.14861,0.37064,-1.6007
0.1409,0.36742,-1.6082
0.13308,0.36328,-1.6152
0.12517,0.35835,-1.6217
0.11721,0.35278,-1.6279
0.10921,0.34676,-1.6338
0.10122,0.34049,-1.6395
0.093319,0.33415,-1.6451
0.085587,0.3279,-1.6507
0.078057,0.32181,-1.6562
0.070719,0.31591,-1.6618
0.063514,0.31015,-1.6672
0.05635,0.30447,-1.6726
0.049116,0.29878,-1.678
0.041698,0.29301,-1.6832
0.033989,0.28713,-1.6885
0.025886,0.28112,-1.6936
0.017296,0.27498,-1.6988
0.0081333,0.26871,-1.704
-0.0016716,0.26231,-1.7092
-0.012151,0.25578,-1.7144
-0.023281,0.2492,-1.7198
-0.034966,0.2427,-1.7253
-0.047049,0.2365,-1.7311
-0.059328,0.23087,-1.7373
-0.071589,0.2261,-1.744
-0.083626,0.22248,-1.7514
-0.095256,0.22022,-1.7595
-0.10634,0.21947,-1.7684
-0.11678,0.22028,-1.7779
-0.12653,0.22268,-1.788
-0.13557,0.2266,-1.7982
-0.14392,0.23198,-1.8084
-0.15162,0.23873,-1.818
-0.15871,0.24677,-1.8268
-0.16524,0.25603,-1.8343
-0.17123,0.2665,-1.8402
-0.17665,0.27828,-1.8444
-0.18146,0.29151,-1.8466
-0.1856,0.30644,-1.8466
-0.18896,0.32336,-1.8444
-0.1914,0.34261,-1.8397
-0.19276,0.36455,-1.8323
-0.19277,0.38955,-1.8221
-0.19117,0.4179,-1.8087
-0.18766,0.44977,-1.7918
-0.18201,0.4852,-1.7709
-0.17406,0.52402,-1.7454
-0.16371,0.5659,-1.7146
-0.15096,0.6104,-1.6783
-0.13586,0.657,-1.6362
-0.11854,0.70521,-1.589
-0.099193,0.75454,-1.5377
-0.078076,0.80451,-1.4839
-0.055476,0.85458,-1.4293
-0.031692,0.90417,-1.3757
-0.0070267,0.95261,-1.3249
0.018205,0.99919,-1.2785
0.043684,1.0433,-1.2382
0.069102,1.0843,-1.206
0.094185,1.1218,-1.1837
0.11869,1.1556,-1.1723
0.14242,1.1853,-1.1717
0.16519,1.2107,-1.1803
0.18686,1.2313,-1.1959
0.20731,1.2469,-1.2161
0.22644,1.2573,-1.2384
0.2442,1.2623,-1.2608
0.26067,1.2623,-1.282
0.27605,1.2576,-1.3013
0.29053,1.2486,-1.3183
0.30426,1.2357,-1.3333
0.31729,1.2192,-1.3466
0.32965,1.1996,-1.3587
0.34136,1.1768,-1.3701
0.35238,1.1512,-1.3812
0.36267,1.1227,-1.3925
0.37217,1.0914,-1.4041
0.38081,1.0574,-1.4162
0.3885,1.0207,-1.4286
0.39518,0.98113,-1.4411
0.40077,0.93881,-1.4535
0.4052,0.89368,-1.4653
0.40835,0.84569,-1.476
0.41009,0.79477,-1.485
0.41031,0.74087,-1.492
0.4089,0.68402,-1.4966
0.40582,0.62433,-1.4986
0.40108,0.56211,-1.4985
0.39477,0.49786,-1.4966
0.38704,0.43233,-1.4938
0.37811,0.36655,-1.4911
0.36837,0.30189,-1.4893
0.3583,0.23997,-1.4892
0.34849,0.18263,-1.4911
0.33959,0.13175,-1.4948
0.33222,0.089111,-1.4999
0.32688,0.056166,-1.5056
0.32389,0.033889,-1.511
0.32328,0.022565,-1.5154
0.32473,0.021645,-1.5184
0.32755,0.029733,-1.5195
0.33083,0.044746,-1.5186
0.33357,0.06422,-1.5155
0.33487,0.085664,-1.5098
0.33407,0.1069,-1.5014
0.3308,0.1264,-1.49
0.32506,0.14344,-1.4759
0.31727,0.15814,-1.4599
0.30815,0.17123,-1.4433
0.29862,0.18373,-1.4274
0.28956,0.19664,-1.4134
0.28163,0.21062,-1.4024
0.27516,0.22587,-1.395
0.27015,0.24219,-1.3915
0.26639,0.25905,-1.392
0.2635,0.27575,-1.3962
0.26106,0.29162,-1.4035
0.25866,0.30609,-1.4134
0.25594,0.31875,-1.425
0.25263,0.32939,-1.4377
0.24854,0.33791,-1.4507
0.24354,0.34434,-1.4635
0.2376,0.34877,-1.4759
0.23074,0.35137,-1.4875
0.22309,0.35232,-1.4981
0.21487,0.35192,-1.5079
0.20639,0.35049,-1.5168
0.19796,0.34837,-1.5249
0.18983,0.34587,-1.5325
0.18212,0.34316,-1.5397
0.17482,0.3403,-1.5465
0.16782,0.33722,-1.5531
0.16097,0.33379,-1.5594
0.15408,0.32983,-1.5654
0.147,0.32514,-1.571
0.13955,0.31957,-1.5763
0.13161,0.31303,-1.581
0.12311,0.3055,-1.5854
0.11402,0.29707,-1.5893
0.1044,0.28791,-1.5929
0.094422,0.27831,-1.5963
0.084284,0.26857,-1.5997
0.074195,0.25901,-1.6032
0.064334,0.24991,-1.6069
0.054837,0.2415,-1.611
0.045784,0.23396,-1.6156
0.037205,0.2274,-1.6206
0.029075,0.22182,-1.6262
0.02132,0.21715,-1.6322
0.013833,0.21327,-1.6387
0.0064784,0.21003,-1.6455
-0.00088128,0.20728,-1.6527
-0.0083781,0.20488,-1.6601
-0.016128,0.20275,-1.6678
-0.024221,0.20083,-1.6757
-0.032709,0.19913,-1.6837
-0.041595,0.19767,-1.6919
-0.05084,0.19652,-1.7004
-0.060373,0.19574,-1.709
-0.070102,0.19544,-1.718
-0.079918,0.19572,-1.7273
-0.089704,0.19674,-1.737
-0.099345,0.19861,-1.7472
-0.10873,0.20144,-1.758
-0.11778,0.2053,-1.7694
-0.12644,0.21023,-1.7812
-0.13465,0.21622,-1.7932
-0.14241,0.22326,-1.8051
-0.14969,0.23133,-1.8165
-0.15649,0.24044,-1.8269
-0.16276,0.25064,-1.8358
-0.16847,0.26208,-1.8428
-0.17352,0.27499,-1.8476
-0.1778,0.28966,-1.8501
-0.18119,0.30642,-1.8501
-0.18356,0.32564,-1.8474
-0.18474,0.34769,-1.8421
-0.18458,0.37294,-1.8338
-0.18286,0.40166,-1.8223
-0.17937,0.434,-1.8073
-0.1739,0.46995,-1.7883
-0.16632,0.50933,-1.7647
-0.15654,0.55173,-1.736
-0.14459,0.59663,-1.7015
-0.13053,0.64343,-1.6611
-0.11449,0.69152,-1.6148
-0.096636,0.74038,-1.5634
-0.077149,0.78954,-1.5081
-0.056243,0.83857,-1.451
-0.03415,0.88699,-1.3938
-0.011105,0.93432,-1.3388
0.01267,0.98001,-1.2878
0.036967,1.0235,-1.2431
0.061557,1.0644,-1.2067
0.08618,1.1022,-1.181
0.11057,1.1364,-1.1674
0.1345,1.1668,-1.1662
0.15776,1.1929,-1.176
0.18023,1.2144,-1.1947
0.2018,1.2309,-1.2194
0.22239,1.2422,-1.2471
0.24196,1.2481,-1.2751
0.26053,1.249,-1.3015
0.27819,1.2449,-1.3249
0.29506,1.2364,-1.345
0.31126,1.2237,-1.3619
0.32685,1.2074,-1.3762
0.34181,1.1875,-1.3888
0.35602,1.1643,-1.4004
0.36936,1.1378,-1.4118
0.38168,1.108,-1.4235
0.39288,1.0749,-1.4358
0.40287,1.0386,-1.4487
0.41161,0.9989,-1.462
0.41906,0.95594,-1.4752
0.42514,0.90969,-1.4878
0.4298,0.86012,-1.4994
0.43296,0.80724,-1.5094
0.43454,0.75106,-1.5177
0.43444,0.69162,-1.5242
0.43253,0.62907,-1.529
0.42872,0.56365,-1.5327
0.42292,0.49585,-1.5357
0.41518,0.42644,-1.5386
0.40573,0.35658,-1.5416
0.39501,0.28785,-1.5451
0.3837,0.22225,-1.5488
0.37256,0.162,-1.5527
0.36243,0.10944,-1.556
0.35411,0.0668,-1.5585
0.34831,0.035881,-1.5598
0.34544,0.017764,-1.5602
0.3455,0.012495,-1.56
0.34797,0.018949,-1.5598
0.35187,0.034948,-1.5601
0.35598,0.057586,-1.5609
0.35902,0.083659,-1.5618
0.35985,0.11008,-1.5615
0.35769,0.13429,-1.5586
0.35222,0.15458,-1.5517
0.34366,0.1704,-1.5402
0.3327,0.18228,-1.5244
0.32039,0.19161,-1.5055
0.30784,0.20005,-1.4857
0.29605,0.20913,-1.4669
0.28575,0.21986,-1.4507
0.27735,0.2327,-1.438
0.27097,0.24753,-1.4292
0.2664,0.26381,-1.4245
0.2633,0.28077,-1.4236
0.26123,0.29766,-1.4262
0.25978,0.31388,-1.4319
0.25854,0.32899,-1.4402
0.25716,0.34272,-1.4507
0.25531,0.35491,-1.4627
0.25275,0.36548,-1.4756
0.24928,0.37437,-1.4888
0.24478,0.38157,-1.5018
0.2392,0.38706,-1.5143
0.23259,0.39093,-1.526
0.2251,0.39334,-1.537
0.21695,0.39454,-1.5472
0.2084,0.39487,-1.557
0.19969,0.39468,-1.5663
0.19094,0.39423,-1.5756
0.18223,0.39363,-1.5848
0.17355,0.39285,-1.594
0.16487,0.39173,-1.603
0.15611,0.39007,-1.6117
0.14722,0.38769,-1.6201
0.13818,0.38452,-1.628
0.129,0.38057,-1.6354
0.11974,0.37598,-1.6424
0.11048,0.37094,-1.6491
0.10133,0.36566,-1.6556
0.092377,0.36032,-1.662
0.083705,0.35506,-1.6683
0.075332,0.34997,-1.6747
0.067223,0.34509,-1.6811
0.059294,0.34038,-1.6875
0.051424,0.33576,-1.6939
0.043466,0.33111,-1.7003
0.035253,0.32625,-1.7066
0.026627,0.32105,-1.7129
0.017458,0.31538,-1.7189
0.0076562,0.30917,-1.7248
-0.0028344,0.30242,-1.7305
-0.014047,0.29515,-1.7361
-0.025996,0.28739,-1.7415
-0.038671,0.27922,-1.7467
-0.052032,0.27074,-1.752
-0.066003,0.2621,-1.7572
-0.080459,0.25353,-1.7625
-0.095225,0.24528,-1.768
-0.11009,0.23772,-1.7739
-0.12479,0.23121,-1.7802
-0.1391,0.22612,-1.787
-0.15277,0.22275,-1.7942
-0.16562,0.22128,-1.8017
-0.17753,0.22177,-1.809
-0.18847,0.22417,-1.8158
-0.19845,0.22837,-1.8216
-0.20753,0.23418,-1.8262
-0.21582,0.24142,-1.8291
-0.22343,0.24997,-1.8303
-0.23046,0.25975,-1.8294
-0.23696,0.27083,-1.8264
-0.24296,0.28335,-1.8213
-0.24838,0.2976,-1.8141
-0.25305,0.31391,-1.8047
-0.25671,0.33274,-1.7931
-0.259,0.35455,-1.7792
-0.25951,0.37976,-1.7629
-0.25786,0.40868,-1.7439
-0.25372,0.44145,-1.7219
-0.24682,0.47805,-1.6966
-0.23701,0.51833,-1.6676
-0.22424,0.56201,-1.6348
-0.20857,0.60871,-1.598
-0.19019,0.65797,-1.5577
-0.16933,0.70926,-1.5144
-0.14629,0.76197,-1.4689
-0.12146,0.81537,-1.4224
-0.095266,0.86863,-1.3761
-0.068177,0.92083,-1.3316
-0.040655,0.97112,-1.2906
-0.013126,1.0187,-1.2553
0.014037,1.0631,-1.2279
0.040511,1.1039,-1.2103
0.066019,1.1408,-1.2032
0.090344,1.1736,-1.2062
0.11335,1.2018,-1.2176
0.13505,1.2253,-1.2352
0.1556,1.2438,-1.2564
0.17532,1.2573,-1.2788
0.19455,1.266,-1.3005
0.21348,1.2702,-1.3202
0.23216,1.27,-1.3371
0.25051,1.2658,-1.3513
0.26837,1.2577,-1.363
0.2856,1.2459,-1.3729
0.30206,1.2306,-1.3816
0.31763,1.2118,-1.3897
0.33219,1.1895,-1.3977
0.3456,1.1637,-1.406
0.3577,1.1343,-1.4147
0.36836,1.1014,-1.4239
0.37742,1.0648,-1.4334
0.38482,1.0247,-1.4429
0.39049,0.98112,-1.4521
0.39444,0.93432,-1.4607
0.39672,0.88448,-1.4684
0.39738,0.83181,-1.4748
0.39649,0.77652,-1.4797
0.39417,0.71881,-1.4828
0.39049,0.65893,-1.4842
0.38554,0.59717,-1.484
0.37942,0.53395,-1.4828
0.37229,0.46983,-1.4811
0.36434,0.40557,-1.4795
0.35583,0.34216,-1.4789
0.34708,0.28078,-1.4798
0.33843,0.2228,-1.4825
0.3303,0.16975,-1.4869
0.32314,0.12323,-1.4927
0.31747,0.084766,-1.4992
0.31371,0.055642,-1.5057
0.31217,0.036666,-1.5111
0.31284,0.02794,-1.5148
0.31542,0.028725,-1.516
0.31928,0.037463,-1.5143
0.32358,0.052,-1.5094
0.32745,0.069946,-1.5014
0.33015,0.089093,-1.4901
0.33117,0.10779,-1.4758
0.33035,0.12519,-1.4589
0.32788,0.14131,-1.4404
0.32422,0.15679,-1.4215
0.31997,0.17254,-1.4038
0.31569,0.18933,-1.3884
0.31175,0.20756,-1.3766
0.30827,0.22715,-1.3692
0.30515,0.24761,-1.3667
0.30213,0.26828,-1.3692
0.29895,0.28844,-1.3765
0.29535,0.30746,-1.3877
0.29113,0.32482,-1.4018
0.28618,0.34013,-1.4176
0.28044,0.3531,-1.4339
0.27396,0.36362,-1.45
0.26683,0.37174,-1.4654
0.25919,0.37767,-1.4797
0.25119,0.38174,-1.493
0.243,0.38434,-1.5053
0.23477,0.3858,-1.5168
0.22664,0.38638,-1.5276
0.21867,0.38622,-1.5377
0.21086,0.38533,-1.5473
0.20315,0.38366,-1.5562
0.19544,0.3811,-1.5646
0.18759,0.37756,-1.5722
0.17944,0.37296,-1.5793
0.17084,0.36726,-1.5857
0.16171,0.36054,-1.5915
0.1521,0.35295,-1.5968
0.14211,0.3447,-1.6018
0.13188,0.33601,-1.6065
0.12153,0.32707,-1.611
0.1112,0.31807,-1.6154
0.101,0.30918,-1.6198
0.090987,0.30049,-1.624
0.081214,0.2921,-1.6283
0.071732,0.28405,-1.6326
0.062579,0.2764,-1.6369
0.053775,0.26914,-1.6413
0.04531,0.26227,-1.6459
0.037141,0.25574,-1.6505
0.029194,0.24953,-1.6553
0.021382,0.24358,-1.6602
0.013619,0.23788,-1.6653
0.0058367,0.23246,-1.6706
-0.0020058,0.22736,-1.6762
-0.0099261,0.22264,-1.6821
-0.01793,0.21838,-1.6885
-0.026024,0.21466,-1.6953
-0.034219,0.21155,-1.7025
-0.042526,0.20912,-1.7102
-0.050953,0.20743,-1.7185
-0.059496,0.20655,-1.7274
-0.068135,0.20654,-1.7368
-0.076839,0.20748,-1.7469
-0.085568,0.20945,-1.7576
-0.09428,0.21253,-1.7689
-0.10294,0.21678,-1.7807
-0.11154,0.22224,-1.7927
-0.12007,0.22891,-1.8047
-0.12853,0.23677,-1.8164
-0.13692,0.2458,-1.8272
-0.14519,0.25596,-1.8369
-0.15325,0.26728,-1.8449
-0.16096,0.27987,-1.8509
-0.16815,0.29388,-1.8547
-0.17462,0.30954,-1.8561
-0.18017,0.32711,-1.8549
-0.18458,0.34688,-1.8509
-0.18766,0.36913,-1.8439
-0.18919,0.39414,-1.8338
-0.18896,0.42209,-1.8202
-0.18683,0.45309,-1.8029
-0.18266,0.4871,-1.7817
-0.1764,0.52396,-1.756
-0.16802,0.56342,-1.7254
-0.15748,0.60514,-1.6896
-0.14476,0.64878,-1.6484
-0.12987,0.694,-1.6023
-0.11289,0.74047,-1.552
-0.093982,0.78787,-1.4988
-0.073414,0.83574,-1.4442
-0.051535,0.88355,-1.39
-0.028743,0.93061,-1.338
-0.0054402,0.97616,-1.2898
0.018022,1.0195,-1.2473
0.041386,1.0599,-1.2125
0.064481,1.0971,-1.1875
0.087201,1.1306,-1.1737
0.10949,1.1603,-1.1713
0.13132,1.1859,-1.1791
0.15268,1.2071,-1.1949
0.17358,1.2237,-1.2161
0.19406,1.2353,-1.2399
0.21425,1.2422,-1.2639
0.23432,1.2444,-1.2865
0.25428,1.2422,-1.3068
0.27397,1.2358,-1.3243
0.29316,1.2254,-1.3395
0.31166,1.2112,-1.3527
0.32934,1.1932,-1.3646
0.34608,1.1717,-1.376
0.36181,1.1468,-1.3874
0.37641,1.1184,-1.3992
0.3898,1.0867,-1.4116
0.40188,1.0517,-1.4247
0.41257,1.0133,-1.4383
0.42179,0.97163,-1.452
0.42947,0.92671,-1.4655
0.43549,0.87848,-1.478
0.43967,0.82685,-1.489
0.44183,0.7717,-1.4976
0.4418,0.71297,-1.5034
0.4395,0.6507,-1.5062
0.43494,0.58513,-1.5061
0.42825,0.51673,-1.5038
0.41967,0.44629,-1.5003
0.40958,0.37499,-1.4968
0.39845,0.30436,-1.4943
0.38685,0.23637,-1.4938
0.37552,0.1733,-1.4954
0.36524,0.1176,-1.4993
0.35686,0.071688,-1.5048
0.3511,0.037596,-1.5113
0.34841,0.016602,-1.5178
0.34882,0.0088962,-1.5235
0.35185,0.013414,-1.5276
0.35661,0.027951,-1.5296
0.36189,0.04954,-1.5293
0.36647,0.074933,-1.5265
0.36926,0.10107,-1.5209
0.36947,0.1255,-1.5123
0.3667,0.14665,-1.5007
0.36094,0.16398,-1.4862
0.35257,0.17788,-1.4694
0.34226,0.18933,-1.4514
0.33079,0.19954,-1.4336
0.31896,0.20967,-1.4173
0.30747,0.22058,-1.4037
0.29682,0.23274,-1.3937
0.28728,0.24623,-1.3878
0.27889,0.26076,-1.3864
0.27154,0.27591,-1.3896
0.26502,0.29117,-1.3971
0.25914,0.30611,-1.4081
0.25369,0.32031,-1.4218
0.24843,0.33337,-1.437
0.24308,0.34493,-1.4529
0.23741,0.35467,-1.4686
0.23125,0.36237,-1.4836
0.22453,0.36798,-1.4975
0.21728,0.37163,-1.5102
0.20966,0.37363,-1.5219
0.20192,0.37445,-1.5326
0.19435,0.37461,-1.5428
0.1872,0.37453,-1.5526
0.18061,0.37448,-1.5622
0.17457,0.3745,-1.5716
0.1689,0.37445,-1.5808
0.16336,0.37407,-1.5897
0.15773,0.3731,-1.5982
0.15184,0.37133,-1.6062
0.14554,0.3686,-1.6137
0.13873,0.36485,-1.6206
0.13134,0.36005,-1.627
0.12327,0.35425,-1.633
0.11453,0.34759,-1.6386
0.10519,0.34026,-1.6439
0.095387,0.33248,-1.649
0.085237,0.32445,-1.6539
0.074843,0.3163,-1.6588
0.064278,0.30809,-1.6636
0.053594,0.29987,-1.6684
0.042823,0.29161,-1.6732
0.031983,0.28331,-1.6779
0.021076,0.27494,-1.6825
0.010098,0.26651,-1.6871
-0.00096171,0.25805,-1.6917
-0.012112,0.24959,-1.6963
-0.023367,0.24121,-1.7011
-0.034744,0.23296,-1.7059
-0.046258,0.22496,-1.711
-0.057898,0.21733,-1.7164
-0.069614,0.2103,-1.7222
-0.08131,0.20412,-1.7285
-0.092856,0.19908,-1.7355
-0.10409,0.19546,-1.7431
-0.11487,0.19351,-1.7515
-0.12507,0.19343,-1.7605
-0.13462,0.19533,-1.77
-0.14351,0.19921,-1.7798
-0.15182,0.20499,-1.7896
-0.15968,0.21249,-1.7991
-0.16723,0.22149,-1.8081
-0.17463,0.23177,-1.8161
-0.18194,0.24314,-1.823
-0.18918,0.25551,-1.8284
-0.19628,0.26889,-1.8321
-0.20309,0.28338,-1.8338
-0.20942,0.2992,-1.8333
-0.21508,0.31659,-1.8304
-0.21988,0.33581,-1.825
-0.22364,0.3571,-1.8169
-0.22619,0.38071,-1.8059
-0.22732,0.40685,-1.7919
-0.22682,0.4357,-1.7746
-0.22446,0.46736,-1.7537
-0.22003,0.50185,-1.7289
-0.21333,0.53907,-1.6996
-0.20423,0.57881,-1.6657
-0.19269,0.62075,-1.627
-0.17875,0.66453,-1.584
-0.16251,0.70976,-1.5376
-0.14418,0.75609,-1.489
-0.124,0.80312,-1.4396
-0.10227,0.85045,-1.3909
-0.079282,0.89756,-1.3442
-0.055343,0.94391,-1.3007
-0.030726,0.98892,-1.2617
-0.0057131,1.032,-1.229
0.019398,1.0728,-1.2046
0.044308,1.1107,-1.1904
0.068741,1.1454,-1.1876
0.092475,1.1764,-1.1958
0.11539,1.2034,-1.2136
0.13751,1.2259,-1.2383
0.15903,1.2435,-1.2669
0.18016,1.2563,-1.2966
0.20102,1.2641,-1.3249
0.22157,1.2671,-1.3503
0.24178,1.2655,-1.372
0.26157,1.2596,-1.3902
0.28086,1.2495,-1.4054
0.29953,1.2356,-1.4184
0.31747,1.218,-1.4301
0.33453,1.1967,-1.4414
0.35054,1.1719,-1.4527
0.36537,1.1435,-1.4644
0.3789,1.1115,-1.4763
0.39107,1.0759,-1.4882
0.40187,1.0369,-1.4999
0.41131,0.99438,-1.511
0.41933,0.94852,-1.5209
0.4258,0.89929,-1.5292
0.43057,0.84664,-1.5356
0.43343,0.79049,-1.5397
0.43423,0.73083,-1.5413
0.43287,0.66775,-1.5406
0.42932,0.60152,-1.5379
0.42366,0.53267,-1.5338
0.41607,0.46203,-1.529
0.40687,0.39084,-1.5246
0.39651,0.3207,-1.5216
0.38554,0.25356,-1.5205
0.37466,0.1916,-1.5218
0.3646,0.13705,-1.5253
0.35608,0.091988,-1.5305
0.34974,0.058092,-1.5363
0.346,0.036393,-1.5419
0.34496,0.027038,-1.5465
0.34636,0.029146,-1.5491
0.34958,0.040842,-1.5493
0.35376,0.059518,-1.5467
0.35795,0.082247,-1.5409
0.36121,0.10626,-1.5317
0.36281,0.12936,-1.519
0.36232,0.15027,-1.503
0.35969,0.16868,-1.4845
0.35523,0.18503,-1.4646
0.34946,0.20015,-1.4448
0.34292,0.21489,-1.4267
0.33605,0.22983,-1.4114
0.32912,0.24518,-1.4
0.32226,0.26082,-1.3931
0.31551,0.27645,-1.3912
0.30888,0.29172,-1.3943
0.30241,0.30635,-1.4018
0.29613,0.32016,-1.413
0.29005,0.33304,-1.4267
0.28411,0.34487,-1.4421
0.2782,0.35553,-1.4582
0.27215,0.36487,-1.4743
0.26576,0.37275,-1.49
0.25889,0.37904,-1.5048
0.25147,0.3837,-1.5186
0.24348,0.38677,-1.5312
0.23501,0.3884,-1.5429
0.22614,0.38879,-1.5536
0.21699,0.38814,-1.5635
0.20766,0.38662,-1.5727
0.19821,0.3843,-1.5813
0.18867,0.38123,-1.5894
0.17907,0.37741,-1.5969
0.16943,0.37286,-1.6039
0.15976,0.36763,-1.6105
0.15006,0.36179,-1.6167
0.14034,0.35543,-1.6225
0.1306,0.34867,-1.6282
0.12085,0.34166,-1.6337
0.11113,0.33453,-1.6393
0.1015,0.32744,-1.6448
0.092029,0.32049,-1.6504
0.082755,0.31377,-1.6561
0.073676,0.30728,-1.6619
0.064748,0.30099,-1.6677
0.055881,0.29478,-1.6735
0.046964,0.28855,-1.6793
0.037885,0.28219,-1.6851
0.028552,0.27564,-1.6907
0.018893,0.26886,-1.6963
0.0088527,0.26184,-1.7017
-0.0016095,0.25459,-1.7072
-0.012516,0.24717,-1.7126
-0.023865,0.23967,-1.7182
-0.035618,0.23223,-1.7238
-0.047692,0.22502,-1.7296
-0.059953,0.2183,-1.7358
-0.072227,0.21236,-1.7424
-0.084311,0.20751,-1.7497
-0.096,0.20408,-1.7576
-0.10711,0.20231,-1.7664
-0.11752,0.2024,-1.7759
-0.12715,0.20443,-1.7861
-0.13599,0.2084,-1.7968
-0.1441,0.21421,-1.8076
-0.15155,0.22172,-1.8181
-0.15843,0.23075,-1.8279
-0.16484,0.24116,-1.8366
-0.1708,0.25285,-1.8439
-0.17634,0.2658,-1.8493
-0.18144,0.28004,-1.8529
-0.18608,0.29567,-1.8542
-0.1902,0.31285,-1.8533
-0.19373,0.33175,-1.8499
-0.19656,0.35262,-1.8438
-0.19852,0.37571,-1.8349
-0.19933,0.40131,-1.8228
-0.19865,0.42973,-1.8072
-0.19609,0.4612,-1.7878
-0.19127,0.49588,-1.7643
-0.18389,0.5337,-1.7362
-0.17376,0.57443,-1.7031
-0.16086,0.61764,-1.665
-0.14529,0.66279,-1.622
-0.12727,0.70936,-1.575
-0.10713,0.75683,-1.5251
-0.085228,0.80471,-1.4739
-0.061989,0.85252,-1.4231
-0.037846,0.8997,-1.3741
-0.013223,0.94566,-1.3284
0.011506,0.98981,-1.2874
0.036021,1.0316,-1.2527
0.060068,1.0706,-1.2263
0.083464,1.1065,-1.2098
0.1061,1.1389,-1.2041
0.12792,1.1676,-1.2087
0.14892,1.1924,-1.2221
0.16915,1.2127,-1.2417
0.18868,1.2283,-1.2648
0.20765,1.2391,-1.2885
0.22623,1.2452,-1.311
0.24456,1.2465,-1.3307
0.26261,1.2435,-1.3474
0.28033,1.2363,-1.3612
0.29758,1.2252,-1.3729
0.31423,1.2104,-1.3833
0.33015,1.192,-1.3932
0.34518,1.1702,-1.4032
0.35916,1.1449,-1.4139
0.37197,1.1162,-1.4253
0.38347,1.0839,-1.4375
0.39359,1.0481,-1.4502
0.40232,1.0087,-1.4632
0.40962,0.96584,-1.4761
0.41541,0.91932,-1.4884
0.41953,0.86905,-1.4997
0.42177,0.81489,-1.5095
0.42193,0.75672,-1.5175
0.41985,0.69453,-1.5235
0.41548,0.62849,-1.5272
0.40886,0.55905,-1.529
0.40016,0.48697,-1.5292
0.38968,0.41341,-1.5284
0.37788,0.33994,-1.5276
0.36534,0.26857,-1.5272
0.35279,0.20163,-1.528
0.34104,0.14164,-1.5299
0.33096,0.091066,-1.5328
0.32334,0.052055,-1.5358
0.31876,0.026051,-1.5383
0.31741,0.013464,-1.5395
0.31899,0.013447,-1.5385
0.32273,0.023962,-1.5351
0.32751,0.042133,-1.5291
0.33216,0.064787,-1.5203
0.33562,0.088994,-1.5087
0.33712,0.11252,-1.4941
0.33628,0.1341,-1.4766
0.33309,0.1534,-1.4569
0.32789,0.17082,-1.4361
0.32121,0.18713,-1.4159
0.31371,0.20311,-1.3979
0.30595,0.21938,-1.3834
0.29835,0.23621,-1.3737
0.29118,0.25357,-1.3696
0.28457,0.27116,-1.3711
0.27854,0.28856,-1.3778
0.27306,0.30534,-1.3886
0.26802,0.32109,-1.4025
0.26327,0.33548,-1.418
0.25859,0.34822,-1.4342
0.2537,0.35907,-1.4502
0.24833,0.36784,-1.4655
0.24227,0.37441,-1.4797
0.2354,0.37874,-1.4926
0.22772,0.38095,-1.5041
0.21934,0.38126,-1.5143
0.21048,0.38006,-1.5236
0.20143,0.37777,-1.5321
0.19246,0.37483,-1.5401
0.18371,0.37154,-1.5478
0.1752,0.36801,-1.5553
0.16686,0.36422,-1.5627
0.15861,0.36007,-1.5699
0.15037,0.3554,-1.5768
0.14205,0.3501,-1.5835
0.1336,0.34409,-1.5899
0.12498,0.33738,-1.5959
0.1162,0.33005,-1.6017
0.10728,0.32221,-1.6072
0.098243,0.31402,-1.6125
0.089121,0.30568,-1.6176
0.079968,0.29737,-1.6228
0.070842,0.28927,-1.628
0.061791,0.28149,-1.6335
0.052836,0.27411,-1.639
0.043971,0.26712,-1.6448
0.035169,0.2605,-1.6507
0.026392,0.25421,-1.6566
0.017595,0.24822,-1.6627
0.0087193,0.24249,-1.6689
-0.00029676,0.23697,-1.6751
-0.0095139,0.23163,-1.6814
-0.018981,0.22647,-1.6878
-0.028731,0.2215,-1.6943
-0.038782,0.21677,-1.7009
-0.049125,0.21233,-1.7076
-0.059715,0.20828,-1.7146
-0.070482,0.20477,-1.7218
-0.081345,0.202,-1.7295
-0.092229,0.20014,-1.7378
-0.10307,0.19933,-1.7466
-0.11382,0.1997,-1.7561
-0.12445,0.2013,-1.7663
-0.13493,0.20415,-1.7771
-0.14525,0.20821,-1.7883
-0.15541,0.21339,-1.7995
-0.16539,0.2196,-1.8104
-0.17515,0.22675,-1.8204
-0.18458,0.23481,-1.8289
-0.19356,0.24379,-1.8357
-0.20195,0.2538,-1.8403
-0.20956,0.26499,-1.8426
-0.21625,0.2776,-1.8425
-0.22183,0.29191,-1.84
-0.22612,0.30822,-1.835
-0.22888,0.32691,-1.8276
-0.22984,0.34839,-1.8177
-0.22867,0.37305,-1.805
-0.22506,0.40128,-1.7895
-0.21874,0.43332,-1.7708
-0.20952,0.46926,-1.7484
-0.19734,0.50898,-1.722
-0.18228,0.55214,-1.6913
-0.16455,0.59822,-1.6561
-0.14446,0.64659,-1.6167
-0.12243,0.69657,-1.5738
-0.098892,0.74752,-1.5286
-0.074296,0.79881,-1.4825
-0.04908,0.84986,-1.437
-0.023653,0.90003,-1.3933
0.0016114,0.94869,-1.3528
0.026361,0.99522,-1.3167
0.050275,1.0391,-1.2866
0.073096,1.0797,-1.2641
0.094651,1.1169,-1.2508
0.11487,1.1504,-1.2472
0.13376,1.1799,-1.2527
0.15144,1.2052,-1.2654
0.16809,1.226,-1.283
0.18397,1.2422,-1.3031
0.19945,1.2538,-1.3234
0.21486,1.2609,-1.3421
0.23038,1.2638,-1.3584
0.24605,1.2627,-1.3719
0.26179,1.2577,-1.383
0.2775,1.2491,-1.3923
0.29304,1.2369,-1.4004
0.3083,1.2213,-1.4082
0.32313,1.2024,-1.4161
0.33735,1.18,-1.4247
0.35081,1.1542,-1.4339
0.36335,1.125,-1.444
0.37487,1.0922,-1.4547
0.38529,1.0559,-1.4658
0.39456,1.0162,-1.4769
0.40258,0.97296,-1.4877
0.40921,0.92619,-1.498
0.4143,0.87583,-1.5073
0.41766,0.82178,-1.5154
0.41912,0.76398,-1.522
0.41853,0.70248,-1.5269
0.41579,0.63746,-1.5299
0.41092,0.56939,-1.5312
0.40402,0.49898,-1.5311
0.39532,0.42732,-1.5303
0.38524,0.35588,-1.5294
0.37436,0.28648,-1.5289
0.36333,0.22117,-1.5294
0.3529,0.16212,-1.531
0.34378,0.11146,-1.5335
0.33662,0.07105,-1.5364
0.33191,0.04227,-1.5391
0.32988,0.025769,-1.5409
0.33038,0.021237,-1.5414
0.33292,0.027328,-1.5402
0.33669,0.041809,-1.5371
0.34068,0.061922,-1.5319
0.34394,0.084859,-1.5245
0.34569,0.10823,-1.5147
0.34547,0.13041,-1.5022
0.34317,0.1507,-1.4873
0.33897,0.16918,-1.4708
0.3333,0.18642,-1.4538
0.32666,0.20314,-1.4376
0.31956,0.21989,-1.4234
0.31241,0.23693,-1.4123
0.30543,0.25419,-1.405
0.29874,0.27135,-1.4017
0.29237,0.28797,-1.4027
0.28628,0.30363,-1.4075
0.28037,0.31797,-1.4157
0.27453,0.33074,-1.4265
0.26863,0.3418,-1.439
0.2626,0.35106,-1.4524
0.25636,0.35852,-1.466
0.24986,0.36423,-1.4792
0.24309,0.36827,-1.4917
0.23603,0.37077,-1.5033
0.22872,0.37192,-1.514
0.22123,0.37192,-1.5237
0.21364,0.37099,-1.5327
0.20604,0.36929,-1.541
0.19846,0.36695,-1.5486
0.19086,0.36405,-1.5558
0.18315,0.36066,-1.5626
0.17531,0.35689,-1.5691
0.16733,0.35284,-1.5756
0.1592,0.34856,-1.582
0.15089,0.34402,-1.5884
0.14238,0.33909,-1.5946
0.13362,0.33369,-1.6007
0.12463,0.32777,-1.6066
0.11543,0.32134,-1.6122
0.10613,0.31453,-1.6176
0.096823,0.30746,-1.6229
0.087612,0.3003,-1.6281
0.078564,0.29316,-1.6334
0.069722,0.28613,-1.6386
0.061107,0.27929,-1.6439
0.052717,0.27267,-1.6492
0.04452,0.26628,-1.6545
0.036456,0.26013,-1.6599
0.028448,0.2542,-1.6653
0.02041,0.24846,-1.6709
0.012261,0.24288,-1.6765
0.0039276,0.23745,-1.6822
-0.0046554,0.23215,-1.688
-0.013536,0.22698,-1.6939
-0.022737,0.22196,-1.6998
-0.032256,0.21716,-1.706
-0.042064,0.21269,-1.7123
-0.052097,0.20869,-1.719
-0.062252,0.20537,-1.7262
-0.072393,0.20294,-1.7339
-0.082372,0.20165,-1.7424
-0.092054,0.20172,-1.7518
-0.10134,0.20332,-1.7621
-0.11016,0.20652,-1.7734
-0.11855,0.21129,-1.7854
-0.12654,0.21754,-1.798
-0.13424,0.22508,-1.8108
-0.14171,0.23378,-1.8233
-0.14901,0.24356,-1.8349
-0.15614,0.25441,-1.845
-0.16304,0.26647,-1.8532
-0.1696,0.27997,-1.8589
-0.17561,0.29524,-1.862
-0.18088,0.31267,-1.8623
-0.18512,0.33271,-1.8596
-0.18804,0.35578,-1.854
-0.18928,0.38231,-1.8453
-0.1885,0.41263,-1.8334
-0.18537,0.44695,-1.8179
-0.17961,0.48528,-1.7987
-0.17109,0.52737,-1.7753
-0.15981,0.57275,-1.7473
-0.14588,0.62075,-1.7148
-0.12956,0.67061,-1.678
-0.11114,0.72158,-1.6377
-0.09099,0.77291,-1.5952
-0.069479,0.82389,-1.5523
-0.046989,0.87383,-1.5105
-0.023867,0.92201,-1.4714
-0.0004011,0.96782,-1.4365
0.023185,1.0107,-1.4071
0.046711,1.0503,-1.3846
0.070032,1.0862,-1.3699
0.093031,1.1183,-1.3628
0.11562,1.1463,-1.3624
0.13775,1.1699,-1.367
0.15937,1.1891,-1.3746
0.18048,1.2037,-1.3835
0.20105,1.2138,-1.3924
0.22104,1.2193,-1.4005
0.24034,1.2204,-1.4077
0.25884,1.2174,-1.4142
0.2765,1.2103,-1.4203
0.2934,1.1994,-1.4264
0.3097,1.185,-1.433
0.32543,1.1671,-1.4402
0.34057,1.1459,-1.4482
0.35498,1.1214,-1.4568
0.3685,1.0935,-1.466
0.38097,1.0621,-1.4754
0.39223,1.0273,-1.4847
0.40221,0.98914,-1.4938
0.41086,0.94759,-1.5025
0.41814,0.90273,-1.5107
0.42397,0.85461,-1.5186
0.42819,0.80321,-1.5261
0.43061,0.74853,-1.5334
0.43107,0.69061,-1.5404
0.42945,0.62963,-1.5471
0.42577,0.56593,-1.5534
0.42015,0.50016,-1.5592
0.41285,0.43326,-1.5644
0.40427,0.36652,-1.5691
0.3949,0.30155,-1.5732
0.38533,0.24024,-1.5768
0.37621,0.1846,-1.5797
0.36824,0.13665,-1.5817
0.36207,0.098183,-1.5825
0.35817,0.070528,-1.5819
0.35673,0.054331,-1.5797
0.35762,0.049405,-1.5757
0.36038,0.054652,-1.5701
0.36425,0.068137,-1.5625
0.36829,0.087353,-1.5529
0.3716,0.10961,-1.5409
0.37343,0.13247,-1.5263
0.37336,0.15418,-1.509
0.37127,0.17389,-1.4895
0.3674,0.1916,-1.4688
0.3622,0.20791,-1.4483
0.35625,0.22364,-1.4298
0.35009,0.23949,-1.4145
0.34409,0.25584,-1.4036
0.3384,0.27263,-1.3975
0.33301,0.28951,-1.3965
0.3278,0.30594,-1.4003
0.32262,0.3214,-1.4081
0.31732,0.33547,-1.4191
0.31174,0.34785,-1.4322
0.30572,0.3584,-1.4464
0.29912,0.36705,-1.4611
0.29183,0.37381,-1.4755
0.28379,0.37875,-1.4895
0.27498,0.38197,-1.5027
0.26544,0.38363,-1.515
0.25531,0.38393,-1.5265
0.24479,0.38309,-1.5372
0.23416,0.38134,-1.547
0.2237,0.37893,-1.5561
0.21363,0.37605,-1.5645
0.20408,0.37279,-1.5722
0.19499,0.36918,-1.5794
0.18619,0.36515,-1.5861
0.17753,0.36064,-1.5924
0.16885,0.3556,-1.5983
0.16003,0.35002,-1.604
0.15098,0.34393,-1.6093
0.14165,0.33741,-1.6146
0.13204,0.33056,-1.6197
0.12217,0.32349,-1.6248
0.1121,0.31636,-1.63
0.10194,0.3093,-1.6352
0.091777,0.30245,-1.6407
0.081721,0.29589,-1.6462
0.071843,0.28963,-1.652
0.062167,0.28361,-1.6578
0.052658,0.27773,-1.6637
0.043242,0.27188,-1.6695
0.033826,0.26599,-1.6753
0.024317,0.26,-1.6809
0.01463,0.25393,-1.6865
0.0046894,0.24774,-1.692
-0.0055632,0.24141,-1.6976
-0.01616,0.23493,-1.7031
-0.02709,0.22832,-1.7085
-0.038304,0.22172,-1.7141
-0.049717,0.21528,-1.7198
-0.061219,0.20923,-1.7258
-0.072673,0.20383,-1.7322
-0.08393,0.19934,-1.739
-0.094842,0.19598,-1.7464
-0.10529,0.19394,-1.7544
-0.11517,0.19337,-1.7627
-0.12444,0.19435,-1.7714
-0.13309,0.19687,-1.7801
-0.14117,0.20091,-1.7886
-0.14876,0.20638,-1.7967
-0.15594,0.2132,-1.8041
-0.1628,0.22129,-1.8107
-0.16941,0.23058,-1.8162
-0.17583,0.24106,-1.8204
-0.18206,0.25273,-1.8233
-0.18808,0.26567,-1.8246
-0.19384,0.27998,-1.824
-0.19928,0.2958,-1.8214
-0.20428,0.31329,-1.8166
-0.20867,0.33265,-1.8094
-0.21224,0.35412,-1.7995
-0.2147,0.37797,-1.7867
-0.21572,0.40451,-1.7708
-0.21489,0.43399,-1.7514
-0.21183,0.46663,-1.7282
-0.20619,0.50251,-1.701
-0.19775,0.54157,-1.6695
-0.18642,0.5836,-1.6338
-0.17225,0.62826,-1.5942
-0.15539,0.67515,-1.5515
-0.13612,0.72385,-1.5067
-0.11478,0.77384,-1.4613
-0.091773,0.82453,-1.4167
-0.067533,0.87519,-1.3741
-0.04248,0.92503,-1.3348
-0.01699,0.97322,-1.3004
0.0086343,1.019,-1.2723
0.034178,1.0617,-1.2523
0.059498,1.101,-1.242
0.084497,1.1365,-1.2418
0.10911,1.1678,-1.251
0.13331,1.1946,-1.2676
0.1571,1.2165,-1.2892
0.18052,1.2332,-1.313
0.2036,1.2447,-1.3368
0.22639,1.2509,-1.359
0.24887,1.2521,-1.3788
0.27097,1.2484,-1.3959
0.29259,1.2402,-1.4109
0.31356,1.2276,-1.4244
0.33368,1.2107,-1.437
0.35277,1.1898,-1.4493
0.37064,1.1648,-1.4615
0.38713,1.136,-1.4738
0.40208,1.1033,-1.4861
0.41531,1.0667,-1.4979
0.42666,1.0264,-1.5091
0.43596,0.98234,-1.5191
0.4431,0.93467,-1.5279
0.44799,0.88353,-1.5351
0.4506,0.8291,-1.5406
0.45095,0.77159,-1.5445
0.44913,0.71132,-1.5469
0.44533,0.64873,-1.548
0.43977,0.58441,-1.5482
0.43275,0.51908,-1.5482
0.42455,0.45364,-1.5485
0.41545,0.38908,-1.5496
0.40575,0.32656,-1.5516
0.39578,0.26737,-1.5544
0.38594,0.21291,-1.5578
0.37669,0.16469,-1.561
0.3685,0.12416,-1.5638
0.36176,0.092568,-1.5658
0.35672,0.07074,-1.5668
0.35341,0.058911,-1.5668
0.35158,0.056584,-1.5658
0.35077,0.062515,-1.5636
0.35034,0.074826,-1.5599
0.34959,0.091261,-1.554
0.34792,0.10952,-1.5453
0.34487,0.12762,-1.5333
0.34024,0.14426,-1.5174
0.33413,0.159,-1.4982
0.32693,0.17224,-1.4768
0.3192,0.18494,-1.4551
0.31159,0.19822,-1.435
0.30462,0.21293,-1.4182
0.29854,0.22943,-1.4059
0.29327,0.24748,-1.3987
0.28848,0.26638,-1.3968
0.28372,0.28524,-1.4
0.27857,0.30323,-1.4077
0.27271,0.31973,-1.4189
0.26598,0.33437,-1.4326
0.25837,0.34698,-1.4477
0.24992,0.35754,-1.4632
0.24072,0.36606,-1.4785
0.2309,0.37264,-1.4931
0.2206,0.37741,-1.5067
0.21003,0.38059,-1.5192
0.19948,0.3825,-1.5306
0.18925,0.38354,-1.5412
0.17967,0.38414,-1.5512
0.17102,0.38464,-1.5609
0.16348,0.38526,-1.5703
0.15703,0.38602,-1.5795
0.1515,0.38676,-1.5884
0.14658,0.38723,-1.5969
0.14192,0.38714,-1.605
0.13721,0.38623,-1.6126
0.13222,0.38433,-1.6197
0.12681,0.38135,-1.6261
0.12092,0.37726,-1.632
0.11454,0.37215,-1.6373
0.10772,0.36619,-1.6423
0.10051,0.35957,-1.6469
0.092992,0.35252,-1.6513
0.085219,0.34522,-1.6556
0.077255,0.33783,-1.66
0.069137,0.33039,-1.6645
0.060865,0.32289,-1.6691
0.052406,0.31528,-1.6738
0.043709,0.30748,-1.6787
0.034725,0.29946,-1.6836
0.025411,0.29122,-1.6886
0.015733,0.28275,-1.6937
0.005676,0.27406,-1.699
-0.0047379,0.2652,-1.7043
-0.015442,0.25631,-1.7096
-0.026332,0.24755,-1.7151
-0.037278,0.23915,-1.7206
-0.048136,0.23136,-1.7263
-0.058764,0.22444,-1.7322
-0.069048,0.21862,-1.7386
-0.078904,0.2141,-1.7454
-0.088285,0.21099,-1.7529
-0.097181,0.20937,-1.761
-0.1056,0.20927,-1.7699
-0.11357,0.21069,-1.7795
-0.12109,0.21364,-1.7899
-0.12815,0.21811,-1.8009
-0.13472,0.22408,-1.8124
-0.14077,0.23157,-1.8239
-0.14624,0.24057,-1.8351
-0.15111,0.25113,-1.8455
-0.15532,0.26331,-1.8543
-0.15883,0.27721,-1.8612
-0.16153,0.29302,-1.8658
-0.1633,0.31102,-1.8677
-0.16398,0.33154,-1.8669
-0.16339,0.35494,-1.8632
-0.16132,0.38162,-1.8564
-0.15758,0.41186,-1.8463
-0.15198,0.44591,-1.8326
-0.14436,0.48381,-1.8149
-0.13459,0.52544,-1.7927
-0.12263,0.57047,-1.7655
-0.10849,0.61835,-1.7329
-0.09232,0.66842,-1.6949
-0.074294,0.71996,-1.6519
-0.054659,0.77225,-1.6048
-0.033678,0.82468,-1.5552
-0.011614,0.87666,-1.5049
0.01128,0.9276,-1.4557
0.034765,0.97687,-1.4093
0.058616,1.0239,-1.3674
0.082625,1.0681,-1.3316
0.10661,1.1089,-1.3039
0.13041,1.1461,-1.2857
0.15386,1.1794,-1.2775
0.17676,1.2084,-1.2786
0.19893,1.2328,-1.2872
0.22022,1.2523,-1.3007
0.24051,1.2667,-1.3167
0.25976,1.2759,-1.333
0.278,1.28,-1.348
0.29532,1.2793,-1.3609
0.31186,1.274,-1.3717
0.32764,1.2644,-1.3808
0.34259,1.2509,-1.3889
0.35662,1.2336,-1.3966
0.36966,1.2128,-1.4045
0.38166,1.1886,-1.4128
0.39259,1.161,-1.4217
0.40246,1.1303,-1.4311
0.41126,1.0965,-1.4409
0.41899,1.0597,-1.4508
0.42564,1.02,-1.4607
0.43115,0.97743,-1.4703
0.43549,0.93203,-1.4793
0.43863,0.88388,-1.4873
0.44059,0.83305,-1.4939
0.44139,0.77964,-1.4985
0.44102,0.72381,-1.5008
0.43942,0.66573,-1.5008
0.43654,0.60571,-1.4988
0.43234,0.54416,-1.4954
0.42684,0.48168,-1.4916
0.42014,0.41905,-1.4884
0.41243,0.35727,-1.4867
0.40396,0.29752,-1.4871
0.3951,0.24117,-1.49
0.38627,0.18973,-1.4951
0.37794,0.14477,-1.502
0.3706,0.10775,-1.5097
0.36463,0.079845,-1.5173
0.36028,0.061737,-1.5238
0.35757,0.053435,-1.5282
0.35624,0.054163,-1.5297
0.35578,0.06238,-1.5277
0.35554,0.075972,-1.522
0.35483,0.092567,-1.5126
0.35306,0.10997,-1.4995
0.3499,0.12658,-1.4831
0.34531,0.14172,-1.4642
0.33962,0.15559,-1.4438
0.33333,0.16894,-1.4237
0.32702,0.18273,-1.4053
0.32115,0.1977,-1.39
0.31601,0.21414,-1.3785
0.31163,0.23188,-1.3715
0.30785,0.2504,-1.369
0.30437,0.26897,-1.3709
0.30085,0.28689,-1.3769
0.29696,0.30364,-1.3865
0.29243,0.31886,-1.3987
0.28707,0.33236,-1.4128
0.28079,0.34406,-1.4279
0.27355,0.35391,-1.4433
0.26539,0.36189,-1.4583
0.25638,0.36803,-1.4727
0.24668,0.37239,-1.4861
0.23651,0.37517,-1.4985
0.22615,0.37663,-1.51
0.21588,0.37713,-1.5207
0.20596,0.37696,-1.5307
0.19657,0.37636,-1.5403
0.18773,0.37541,-1.5495
0.17931,0.37403,-1.5583
0.17108,0.37203,-1.5667
0.16274,0.36916,-1.5745
0.15407,0.36526,-1.5818
0.14492,0.36024,-1.5885
0.13527,0.35414,-1.5946
0.12516,0.34708,-1.6003
0.1147,0.33925,-1.6055
0.10402,0.33088,-1.6105
0.093256,0.32221,-1.6152
0.082543,0.31349,-1.6199
0.072031,0.30493,-1.6245
0.061852,0.2967,-1.6291
0.052087,0.28888,-1.6338
0.042747,0.28146,-1.6386
0.033783,0.27438,-1.6434
0.025109,0.26754,-1.6482
0.016618,0.26085,-1.6531
0.0081987,0.25422,-1.6579
-0.00025817,0.24761,-1.6626
-0.0088508,0.24095,-1.6673
-0.017647,0.23426,-1.6721
-0.02668,0.2276,-1.6768
-0.03596,0.22105,-1.6817
-0.045493,0.21473,-1.6868
-0.055278,0.20872,-1.6921
-0.065308,0.20314,-1.6978
-0.07556,0.1981,-1.704
-0.085989,0.1937,-1.7107
-0.096526,0.19008,-1.7178
-0.10707,0.18739,-1.7256
-0.11752,0.18579,-1.734
-0.12775,0.18541,-1.7431
-0.13767,0.18637,-1.7528
-0.14719,0.18874,-1.763
-0.15626,0.19254,-1.7735
-0.16484,0.19776,-1.7841
-0.17292,0.20436,-1.7943
-0.18051,0.21226,-1.8039
-0.1876,0.22138,-1.8124
-0.19418,0.2317,-1.8197
-0.20023,0.24323,-1.8254
-0.20568,0.25604,-1.8295
-0.2105,0.27025,-1.8316
-0.2146,0.28607,-1.8316
-0.21789,0.30372,-1.8294
-0.22027,0.32349,-1.8248
-0.22157,0.34566,-1.8174
-0.22163,0.37051,-1.8072
-0.22019,0.3983,-1.7937
-0.21701,0.42923,-1.7765
-0.21181,0.4634,-1.7554
-0.20433,0.50079,-1.7297
-0.19439,0.54118,-1.6992
-0.18192,0.58419,-1.6635
-0.16698,0.62934,-1.6228
-0.14975,0.67606,-1.5778
-0.13046,0.72385,-1.5299
-0.1094,0.77223,-1.4809
-0.086867,0.82075,-1.4326
-0.063202,0.86889,-1.3869
-0.038795,0.91609,-1.3453
-0.014051,0.96173,-1.3093
0.010634,1.0052,-1.2802
0.034912,1.0461,-1.2595
0.05851,1.0838,-1.2481
0.081239,1.1181,-1.2463
0.10301,1.1487,-1.2531
0.12382,1.1752,-1.2665
0.1438,1.1976,-1.2842
0.16306,1.2155,-1.3036
0.18172,1.2289,-1.3227
0.19987,1.2378,-1.3402
0.21759,1.2422,-1.3554
0.23494,1.2425,-1.3681
0.25192,1.2387,-1.379
0.2685,1.2311,-1.3886
0.2846,1.22,-1.3977
0.30013,1.2054,-1.4068
0.31499,1.1874,-1.4164
0.32908,1.166,-1.4266
0.34235,1.1413,-1.4375
0.35479,1.1134,-1.449
0.36633,1.0822,-1.4609
0.37688,1.0478,-1.4729
0.3863,1.0101,-1.4847
0.39444,0.96917,-1.4961
0.40113,0.92482,-1.5066
0.40618,0.87701,-1.5161
0.40944,0.82564,-1.5242
0.41076,0.77063,-1.5308
0.41003,0.71198,-1.5356
0.40721,0.64983,-1.5387
0.40233,0.58449,-1.5402
0.39548,0.51653,-1.5404
0.3869,0.44683,-1.5396
0.37692,0.37663,-1.5386
0.366,0.30755,-1.5379
0.35475,0.24154,-1.5382
0.34382,0.18075,-1.5396
0.33391,0.12737,-1.5421
0.32568,0.083466,-1.5455
0.31968,0.050732,-1.5491
0.31625,0.030243,-1.5521
0.31544,0.022177,-1.554
0.31687,0.025629,-1.5541
0.31986,0.038654,-1.5518
0.32346,0.05858,-1.5468
0.32673,0.082491,-1.5385
0.3289,0.10778,-1.5267
0.32951,0.1326,-1.5115
0.32846,0.15614,-1.4937
0.32601,0.17839,-1.4747
0.32259,0.19984,-1.4563
0.31863,0.22097,-1.44
0.31445,0.242,-1.427
0.31014,0.26278,-1.4177
0.30564,0.28284,-1.4125
0.30084,0.30161,-1.4112
0.29562,0.31863,-1.4135
0.28999,0.33364,-1.4191
0.28404,0.34664,-1.4276
0.2779,0.35779,-1.4383
0.27169,0.36727,-1.4505
0.26543,0.37521,-1.4634
0.25905,0.38165,-1.4765
0.2524,0.38656,-1.4892
0.24536,0.38989,-1.5011
0.23787,0.39167,-1.5121
0.22991,0.39199,-1.5221
0.22154,0.39102,-1.5311
0.21286,0.38895,-1.5394
0.204,0.38601,-1.5469
0.19506,0.38244,-1.5541
0.18614,0.37841,-1.5609
0.17729,0.37403,-1.5676
0.1685,0.36929,-1.5742
0.15975,0.36408,-1.5805
0.15096,0.35825,-1.5865
0.14208,0.35164,-1.5922
0.13304,0.34418,-1.5975
0.12384,0.33586,-1.6023
0.1145,0.32678,-1.6067
0.10508,0.31713,-1.6107
0.095626,0.30713,-1.6146
0.086247,0.29701,-1.6184
0.077035,0.28701,-1.6222
0.068072,0.27734,-1.6262
0.059411,0.26816,-1.6304
0.051057,0.2596,-1.6348
0.042975,0.25169,-1.6396
0.035098,0.24443,-1.6446
0.027342,0.23776,-1.65
0.01961,0.2316,-1.6555
0.0118,0.22587,-1.6613
0.0038134,0.22048,-1.6672
-0.0044397,0.21539,-1.6733
-0.013029,0.21058,-1.6796
-0.022001,0.20609,-1.6861
-0.031371,0.20198,-1.6928
-0.041128,0.19836,-1.6999
-0.051222,0.19538,-1.7074
-0.061566,0.1932,-1.7155
-0.072048,0.19204,-1.7241
-0.082549,0.19209,-1.7334
-0.092966,0.19351,-1.7435
-0.10323,0.19639,-1.7545
-0.11331,0.20072,-1.7662
-0.1232,0.20643,-1.7786
-0.1329,0.21339,-1.7915
-0.14239,0.22147,-1.8045
-0.15165,0.23056,-1.8173
-0.16063,0.24057,-1.8292
-0.16925,0.25148,-1.8397
-0.17743,0.2633,-1.8483
-0.1851,0.27617,-1.8546
-0.19218,0.29023,-1.8582
-0.19861,0.30572,-1.859
-0.20428,0.32289,-1.8568
-0.20908,0.34206,-1.8515
-0.21281,0.36359,-1.8429
-0.2152,0.38785,-1.8309
-0.21595,0.41519,-1.8154
-0.21468,0.44588,-1.796
-0.21107,0.48008,-1.7726
-0.20484,0.5178,-1.7447
-0.19581,0.55884,-1.7119
-0.18395,0.60281,-1.6741
-0.16938,0.64919,-1.6313
-0.15233,0.69737,-1.5842
-0.13309,0.74675,-1.5342
-0.11201,0.79673,-1.4833
-0.089474,0.84673,-1.4333
-0.065858,0.8961,-1.3863
-0.041554,0.94414,-1.3438
-0.016929,0.99019,-1.3072
0.0076906,1.0336,-1.2778
0.032037,1.074,-1.2568
0.055901,1.1109,-1.245
0.079122,1.1441,-1.2428
0.10157,1.1733,-1.249
0.12311,1.1981,-1.2618
0.14367,1.2184,-1.279
0.16324,1.2337,-1.2981
0.18196,1.2441,-1.3171
0.19998,1.2497,-1.3345
0.21742,1.2506,-1.3495
0.23434,1.2472,-1.3619
0.25077,1.2396,-1.372
0.26669,1.2281,-1.3803
0.28204,1.213,-1.3876
0.29674,1.1944,-1.3944
0.31071,1.1724,-1.4014
0.32385,1.1471,-1.4088
0.3361,1.1184,-1.4168
0.34741,1.0865,-1.4255
0.35778,1.0512,-1.4345
0.3672,1.0127,-1.4438
0.37564,0.97084,-1.4528
0.38295,0.92571,-1.4614
0.38893,0.87719,-1.4693
0.39333,0.8252,-1.4763
0.39589,0.76968,-1.4822
0.3964,0.7107,-1.4871
0.39479,0.64848,-1.4909
0.39107,0.58349,-1.494
0.38537,0.51648,-1.4965
0.37796,0.44849,-1.499
0.36922,0.38086,-1.5016
0.35965,0.31525,-1.5048
0.34986,0.25349,-1.5086
0.34049,0.19748,-1.513
0.33219,0.14903,-1.5176
0.3255,0.10974,-1.522
0.32087,0.080831,-1.5257
0.31853,0.062978,-1.5284
0.31846,0.056123,-1.5297
0.32032,0.059387,-1.5294
0.32349,0.071097,-1.5271
0.32708,0.088983,-1.5227
0.33014,0.11051,-1.516
0.33186,0.13329,-1.5068
0.33169,0.15548,-1.495
0.32946,0.17602,-1.4808
0.32536,0.19472,-1.4649
0.31981,0.21197,-1.4485
0.31332,0.22842,-1.4332
0.30637,0.24469,-1.4202
0.29931,0.26114,-1.4107
0.29236,0.2778,-1.4055
0.2856,0.29444,-1.4048
0.27902,0.31065,-1.4086
0.27254,0.32604,-1.4166
0.26611,0.34027,-1.4279
0.25966,0.35315,-1.4416
0.25311,0.36456,-1.4567
0.2464,0.37447,-1.4724
0.23945,0.38285,-1.488
0.23218,0.38969,-1.5031
0.22449,0.395,-1.5173
0.21634,0.3988,-1.5306
0.20772,0.40116,-1.5428
0.19866,0.40223,-1.554
0.18927,0.40221,-1.5643
0.17967,0.40133,-1.5739
0.17004,0.39983,-1.5829
0.16055,0.3979,-1.5915
0.15127,0.39562,-1.5997
0.14213,0.39292,-1.6076
0.13293,0.38961,-1.615
0.12345,0.38547,-1.622
0.11358,0.38034,-1.6284
0.10325,0.37415,-1.6343
0.092471,0.36694,-1.6397
0.081318,0.35883,-1.6446
0.06989,0.34998,-1.6491
0.058312,0.34063,-1.6533
0.046725,0.331,-1.6573
0.035273,0.3213,-1.6611
0.024066,0.31169,-1.6649
0.013139,0.30225,-1.6686
0.0024455,0.29297,-1.6724
-0.0081105,0.28376,-1.6762
-0.01863,0.27455,-1.6801
-0.029188,0.26527,-1.6839
-0.03982,0.25591,-1.6878
-0.050524,0.24652,-1.6917
-0.061261,0.23719,-1.6957
-0.071971,0.22807,-1.6999
-0.082577,0.21935,-1.7044
-0.093003,0.21127,-1.7093
-0.10317,0.20405,-1.7148
-0.11301,0.19791,-1.7209
-0.12246,0.19307,-1.7277
-0.13145,0.18971,-1.7353
-0.13994,0.18799,-1.7438
-0.14791,0.18799,-1.7531
-0.15539,0.18975,-1.7634
-0.16243,0.19322,-1.7745
-0.16915,0.19827,-1.7864
-0.17567,0.20469,-1.799
-0.18213,0.21228,-1.812
-0.18866,0.2208,-1.8251
-0.19534,0.23012,-1.8378
-0.20218,0.2402,-1.8497
-0.20912,0.25111,-1.8602
-0.21601,0.26305,-1.8688
-0.22267,0.27626,-1.8751
-0.22886,0.29102,-1.8788
-0.23434,0.30761,-1.8797
-0.23891,0.32629,-1.8775
-0.24237,0.34729,-1.8721
-0.24455,0.37081,-1.8634
-0.24524,0.39705,-1.8511
-0.24421,0.42617,-1.835
-0.24121,0.45827,-1.8149
-0.236,0.4934,-1.7904
-0.22835,0.53149,-1.7612
-0.21811,0.57234,-1.727
-0.20524,0.61565,-1.6878
-0.18982,0.66102,-1.6439
-0.17205,0.70801,-1.5963
-0.15226,0.75614,-1.5465
-0.13088,0.80489,-1.4964
-0.10836,0.85367,-1.4478
-0.085165,0.90182,-1.4026
-0.061677,0.94863,-1.3621
-0.038226,0.99342,-1.3276
-0.015058,1.0355,-1.3004
0.0076668,1.0745,-1.2817
0.029867,1.1099,-1.2722
0.051518,1.1415,-1.2715
0.072635,1.1689,-1.2783
0.093259,1.1921,-1.2904
0.11346,1.2106,-1.3056
0.13334,1.2245,-1.3217
0.15303,1.2337,-1.3374
0.17262,1.2384,-1.3517
0.19213,1.2389,-1.3644
0.21149,1.2353,-1.3759
0.23057,1.2279,-1.3865
0.24922,1.2167,-1.3968
0.2673,1.202,-1.4071
0.28465,1.1838,-1.4176
0.30114,1.1621,-1.4283
0.31659,1.1369,-1.4391
0.33081,1.1081,-1.4498
0.34365,1.0757,-1.4603
0.35499,1.0396,-1.4704
0.36477,0.99986,-1.4798
0.37293,0.9565,-1.4884
0.37943,0.90951,-1.496
0.38421,0.85886,-1.5026
0.38717,0.8045,-1.5081
0.38818,0.74641,-1.5123
0.38716,0.68468,-1.5153
0.38409,0.6196,-1.5172
0.37911,0.55179,-1.5182
0.3725,0.48221,-1.5189
0.36467,0.41221,-1.5199
0.3561,0.34353,-1.522
0.34734,0.27818,-1.5256
0.33895,0.21831,-1.5311
0.33149,0.16605,-1.5383
0.32551,0.12331,-1.5464
0.32143,0.09149,-1.5542
0.31944,0.071325,-1.5604
0.31946,0.062695,-1.5636
0.32109,0.064569,-1.5628
0.32368,0.075095,-1.5577
0.32643,0.091851,-1.5481
0.32857,0.11224,-1.5344
0.32955,0.13398,-1.5168
0.32908,0.15551,-1.4961
0.32727,0.17621,-1.4736
0.32447,0.19631,-1.451
0.32115,0.21648,-1.4304
0.31775,0.23733,-1.4137
0.31449,0.25914,-1.4022
0.31144,0.28167,-1.3965
0.3085,0.3043,-1.3967
0.30546,0.32621,-1.4022
0.30211,0.3466,-1.4122
0.29826,0.36491,-1.4252
0.29375,0.3808,-1.4402
0.28847,0.39421,-1.456
0.28236,0.4052,-1.4719
0.27545,0.41396,-1.4873
0.26779,0.42071,-1.5018
0.25949,0.42571,-1.5154
0.2507,0.42923,-1.5281
0.24159,0.43157,-1.54
0.23237,0.43301,-1.5512
0.22321,0.43379,-1.5619
0.21425,0.43404,-1.5722
0.20555,0.43378,-1.5821
0.19712,0.43292,-1.5915
0.18891,0.4313,-1.6003
0.18077,0.42874,-1.6084
0.17254,0.42503,-1.6159
0.16401,0.42003,-1.6226
0.15503,0.41366,-1.6286
0.14553,0.40591,-1.6339
0.13548,0.39689,-1.6387
0.12489,0.38672,-1.6429
0.11381,0.37559,-1.6468
0.10233,0.36371,-1.6502
0.090561,0.35132,-1.6535
0.078623,0.33866,-1.6566
0.066654,0.32594,-1.6597
0.054797,0.31338,-1.6628
0.043182,0.30114,-1.666
0.031898,0.28939,-1.6693
0.020992,0.27822,-1.6729
0.010468,0.26771,-1.6768
0.00031037,0.2579,-1.681
-0.0095204,0.24882,-1.6856
-0.019078,0.24046,-1.6905
-0.028428,0.23283,-1.6957
-0.037645,0.22596,-1.7013
-0.046809,0.21985,-1.7074
-0.05599,0.21448,-1.7138
-0.065241,0.20989,-1.7206
-0.074585,0.20611,-1.7279
-0.084014,0.20321,-1.7356
-0.093498,0.20124,-1.7438
-0.10299,0.20027,-1.7525
-0.11246,0.20031,-1.7618
-0.12184,0.20142,-1.7716
-0.13112,0.2036,-1.782
-0.14024,0.20691,-1.7929
-0.14918,0.21134,-1.8041
-0.15792,0.21689,-1.8155
-0.16642,0.22353,-1.8268
-0.17468,0.23126,-1.8374
-0.18265,0.24006,-1.8471
-0.19027,0.24998,-1.8552
-0.19747,0.2611,-1.8615
-0.20416,0.27354,-1.8658
-0.21028,0.28743,-1.8678
-0.21575,0.30295,-1.8675
-0.22053,0.32025,-1.8647
-0.22456,0.33952,-1.8593
-0.22776,0.36094,-1.8512
-0.23001,0.38473,-1.8402
-0.2311,0.41109,-1.826
-0.23076,0.44026,-1.8084
-0.22871,0.47237,-1.7868
-0.22462,0.50753,-1.761
-0.21824,0.54569,-1.7304
-0.20936,0.58663,-1.6948
-0.19794,0.63003,-1.6542
-0.18402,0.67544,-1.6092
-0.16778,0.72239,-1.5608
-0.14949,0.77038,-1.5106
-0.12942,0.81893,-1.4604
-0.10789,0.86746,-1.4117
-0.085232,0.91533,-1.3663
-0.061797,0.96184,-1.3253
-0.037899,1.0064,-1.29
-0.013815,1.0483,-1.2621
0.010218,1.0873,-1.2431
0.033997,1.1231,-1.2341
0.057335,1.1554,-1.2353
0.080056,1.1838,-1.2456
0.10202,1.208,-1.2627
0.12317,1.2275,-1.2843
0.14355,1.2422,-1.3075
0.16333,1.2521,-1.3301
0.18271,1.2572,-1.3505
0.20182,1.2579,-1.368
0.22069,1.2544,-1.3824
0.23931,1.247,-1.3941
0.2576,1.2359,-1.404
0.27545,1.2215,-1.4127
0.29274,1.2036,-1.421
0.30934,1.1824,-1.4294
0.32509,1.1579,-1.4382
0.33986,1.1299,-1.4474
0.35351,1.0985,-1.4569
0.36589,1.0635,-1.4665
0.37685,1.0249,-1.4756
0.38625,0.98259,-1.484
0.39396,0.93664,-1.4912
0.39986,0.887,-1.4968
0.40384,0.83369,-1.5006
0.40578,0.77675,-1.5025
0.40565,0.71636,-1.5024
0.40347,0.65287,-1.501
0.39939,0.58683,-1.4986
0.39363,0.51905,-1.4963
0.38648,0.45058,-1.4948
0.37828,0.38274,-1.4951
0.36937,0.31706,-1.4975
0.36015,0.25522,-1.5022
0.35108,0.19892,-1.5087
0.34265,0.1498,-1.5163
0.33533,0.10932,-1.524
0.32954,0.078616,-1.5307
0.32549,0.0583,-1.5353
0.32318,0.048346,-1.5369
0.32236,0.047996,-1.5347
0.32259,0.05579,-1.5284
0.32331,0.069735,-1.5179
0.32394,0.087599,-1.5034
0.32393,0.10728,-1.4853
0.32292,0.12722,-1.4645
0.32077,0.14661,-1.442
0.31758,0.16539,-1.4197
0.31361,0.18394,-1.3992
0.30917,0.20273,-1.3823
0.30449,0.22196,-1.37
0.2997,0.24152,-1.3633
0.29483,0.26105,-1.3624
0.28983,0.28006,-1.367
0.28466,0.29811,-1.3762
0.27926,0.31491,-1.3891
0.27359,0.3303,-1.4043
0.26762,0.34422,-1.4208
0.26132,0.35663,-1.4378
0.25465,0.36748,-1.4545
0.24755,0.37673,-1.4705
0.24001,0.38441,-1.4857
0.23207,0.39061,-1.4998
0.22383,0.39549,-1.5131
0.21542,0.39926,-1.5255
0.20702,0.40212,-1.5373
0.19874,0.40417,-1.5484
0.19069,0.40545,-1.5589
0.1829,0.40591,-1.5688
0.17535,0.40547,-1.5781
0.16789,0.40399,-1.5868
0.16035,0.40133,-1.5948
0.15257,0.39742,-1.6022
0.14448,0.39229,-1.6089
0.13603,0.38602,-1.615
0.12726,0.37877,-1.6207
0.11821,0.37074,-1.6259
0.10894,0.36213,-1.6308
0.099496,0.35316,-1.6356
0.089952,0.34403,-1.6403
0.08039,0.33491,-1.6451
0.070898,0.32595,-1.6498
0.061542,0.31721,-1.6547
0.052348,0.30874,-1.6596
0.043294,0.30048,-1.6646
0.034312,0.29236,-1.6695
0.0253,0.28428,-1.6745
0.016148,0.27614,-1.6794
0.0067683,0.26787,-1.6843
-0.0028998,0.25943,-1.6891
-0.012881,0.25087,-1.6939
-0.023165,0.24229,-1.6987
-0.03371,0.23385,-1.7037
-0.044446,0.2258,-1.7089
-0.055281,0.2184,-1.7145
-0.066109,0.21192,-1.7206
-0.076812,0.20664,-1.7273
-0.087271,0.2028,-1.7347
-0.097385,0.20061,-1.743
-0.10709,0.20016,-1.7522
-0.11636,0.20145,-1.7623
-0.12524,0.20438,-1.7733
-0.1338,0.2088,-1.7851
-0.14212,0.21453,-1.7976
-0.15031,0.22139,-1.8105
-0.15843,0.22923,-1.8236
-0.1665,0.23797,-1.8365
-0.17448,0.24759,-1.8487
-0.18229,0.2582,-1.8597
-0.18979,0.26996,-1.8692
-0.19683,0.28307,-1.8767
-0.20328,0.29783,-1.8819
-0.20899,0.3145,-1.8845
-0.21386,0.33337,-1.8843
-0.21775,0.35473,-1.8812
-0.2205,0.37879,-1.8748
-0.22191,0.40577,-1.8649
-0.22174,0.43577,-1.8513
-0.21973,0.46886,-1.8337
-0.21562,0.50494,-1.8116
-0.20921,0.54384,-1.7848
-0.20033,0.58526,-1.7528
-0.18894,0.62882,-1.7155
-0.17508,0.67412,-1.6729
-0.1589,0.72073,-1.6255
-0.14059,0.76825,-1.5745
-0.12044,0.81624,-1.5216
-0.098768,0.86424,-1.4686
-0.075912,0.91169,-1.4174
-0.052218,0.95796,-1.3699
-0.02799,1.0024,-1.3278
-0.0034839,1.0444,-1.2929
0.0211,1.0835,-1.267
0.045613,1.1192,-1.2512
0.069945,1.1515,-1.2456
0.094012,1.1799,-1.2493
0.11773,1.2042,-1.2602
0.14101,1.2241,-1.2761
0.16378,1.2394,-1.2945
0.18603,1.25,-1.3134
0.20781,1.2559,-1.3313
0.22914,1.2574,-1.3474
0.24995,1.2545,-1.3616
0.27009,1.2476,-1.3742
0.28942,1.2367,-1.3856
0.30779,1.2219,-1.3964
0.32506,1.2034,-1.4068
0.3411,1.1812,-1.4173
0.35581,1.1553,-1.4279
0.36909,1.1258,-1.4384
0.38087,1.0926,-1.4488
0.39109,1.0559,-1.4589
0.3997,1.0156,-1.4684
0.40674,0.97212,-1.4771
0.41226,0.92546,-1.4848
0.41629,0.87585,-1.4912
0.41887,0.82348,-1.4962
0.41997,0.76853,-1.4997
0.41957,0.71118,-1.5018
0.41768,0.65167,-1.5027
0.41433,0.59035,-1.503
0.40961,0.52764,-1.503
0.40368,0.46415,-1.5035
0.39677,0.40066,-1.5047
0.38915,0.33815,-1.5069
0.38116,0.27777,-1.5103
0.37324,0.22089,-1.5144
0.36586,0.16903,-1.5192
0.35956,0.12378,-1.5241
0.35486,0.086657,-1.529
0.35225,0.058921,-1.5335
0.35201,0.041348,-1.5375
0.35412,0.034014,-1.5408
0.3582,0.036192,-1.5434
0.36352,0.046399,-1.5452
0.36913,0.062593,-1.5462
0.3741,0.082459,-1.5461
0.37758,0.10368,-1.5445
0.37897,0.12418,-1.5409
0.37795,0.14237,-1.5345
0.37451,0.15733,-1.5249
0.36894,0.16899,-1.5122
0.36177,0.17804,-1.4971
0.35371,0.18562,-1.4809
0.34548,0.19302,-1.465
0.33768,0.20132,-1.4509
0.33073,0.21119,-1.4394
0.3248,0.22277,-1.431
0.3198,0.23579,-1.4257
0.31546,0.24962,-1.4233
0.31137,0.26347,-1.4232
0.30712,0.27657,-1.425
0.30235,0.28826,-1.4281
0.29682,0.29808,-1.4322
0.29041,0.30578,-1.4373
0.28315,0.31133,-1.443
0.27517,0.31486,-1.4494
0.26667,0.31661,-1.4562
0.25789,0.3169,-1.4631
0.24907,0.31611,-1.4701
0.24043,0.31461,-1.477
0.23219,0.3128,-1.4839
0.22449,0.31102,-1.4907
0.21746,0.30956,-1.4976
0.21111,0.30859,-1.5046
0.20543,0.30814,-1.5116
0.2003,0.30814,-1.5187
0.19559,0.30846,-1.5258
0.19116,0.30892,-1.5328
0.18689,0.30938,-1.5398
0.18261,0.3097,-1.5466
0.17812,0.30976,-1.5532
0.17323,0.30947,-1.5597
0.16786,0.30882,-1.5662
0.16199,0.30783,-1.5726
0.15567,0.30659,-1.579
0.14901,0.3052,-1.5854
0.14216,0.30378,-1.5919
0.13527,0.30245,-1.5985
0.12848,0.30132,-1.6051
0.12189,0.30043,-1.6118
0.11557,0.29981,-1.6184
0.10953,0.2994,-1.6251
0.10377,0.29917,-1.6317
0.09824,0.29903,-1.6382
0.092919,0.29892,-1.6447
0.087745,0.29875,-1.651
0.082651,0.29844,-1.6573
0.077557,0.29789,-1.6633
0.072385,0.29703,-1.6692
0.067062,0.2958,-1.675
0.061529,0.29421,-1.6805
0.05574,0.29229,-1.6859
0.049656,0.2901,-1.6913
0.043255,0.28771,-1.6966
0.036531,0.28517,-1.7019
0.029491,0.28255,-1.7073
0.02215,0.27989,-1.7127
0.014515,0.27721,-1.7181
0.006586,0.27452,-1.7236
-0.0016432,0.27183,-1.7291
-0.010183,0.26911,-1.7347
-0.01904,0.26633,-1.7403
-0.028206,0.26347,-1.7459
-0.037657,0.26054,-1.7514
-0.047346,0.25759,-1.7569
-0.057212,0.2547,-1.7625
-0.067189,0.25194,-1.7683
-0.077211,0.24941,-1.7741
-0.087215,0.24716,-1.7802
-0.097141,0.24525,-1.7866
-0.10693,0.2437,-1.7931
-0.11652,0.24254,-1.7999
-0.12584,0.24183,-1.8069
-0.13482,0.24162,-1.814
-0.1434,0.242,-1.8212
-0.15149,0.24306,-1.8285
-0.15904,0.24492,-1.8355
-0.166,0.24767,-1.8422
-0.17232,0.25144,-1.8482
-0.17798,0.25632,-1.8532
-0.18297,0.26246,-1.8566
-0.18724,0.27,-1.8584
-0.19076,0.27912,-1.8583
-0.19348,0.28999,-1.8562
-0.19532,0.30275,-1.8523
-0.19618,0.31751,-1.8465
-0.196,0.33431,-1.8389
-0.19473,0.35311,-1.8296
-0.19235,0.37382,-1.8186
-0.1889,0.39626,-1.8059
-0.18441,0.42025,-1.7917
-0.17895,0.44557,-1.7759
-0.1726,0.47199,-1.7586
-0.16543,0.49932,-1.7398
-0.15749,0.52737,-1.7195
-0.14879,0.55604,-1.6978
-0.13927,0.58526,-1.6745
-0.12888,0.61501,-1.6498
-0.11754,0.64531,-1.6238
-0.10518,0.67617,-1.5965
-0.091738,0.7076,-1.5683
-0.077236,0.73955,-1.5395
-0.061728,0.77192,-1.5104
-0.045316,0.80453,-1.4814
-0.02813,0.83719,-1.4529
-0.010314,0.86964,-1.4253
0.0079787,0.9016,-1.3991
0.026592,0.9328,-1.375
0.045359,0.96291,-1.3541
0.064091,0.99162,-1.3379
0.082593,1.0186,-1.3279
0.10069,1.0435,-1.3253
0.11823,1.0659,-1.3304
0.13511,1.0856,-1.3422
0.15125,1.1022,-1.3591
0.16659,1.1153,-1.379
0.18111,1.1249,-1.4001
0.19483,1.1308,-1.4206
0.20779,1.1333,-1.4396
0.22003,1.1324,-1.4566
0.23158,1.1284,-1.4718
0.24247,1.1213,-1.4855
0.25268,1.1114,-1.4983
0.26218,1.0987,-1.5104
0.27088,1.0832,-1.5223
0.27867,1.0649,-1.5338
0.28542,1.0439,-1.545
0.291,1.0199,-1.5558
0.29531,0.99307,-1.566
0.29833,0.96345,-1.5755
0.30023,0.93122,-1.5841
0.30136,0.8967,-1.592
0.30218,0.86029,-1.5989
0.303,0.82234,-1.605
0.30387,0.78308,-1.61
0.3047,0.7427,-1.6141
0.30533,0.70135,-1.617
0.30562,0.65924,-1.6187
0.30552,0.61666,-1.619
0.30501,0.57394,-1.6178
0.30409,0.53145,-1.615
0.30278,0.48961,-1.6108
0.3011,0.44884,-1.6053
0.29914,0.40961,-1.599
0.29705,0.37246,-1.5923
0.29498,0.33791,-1.5857
0.29305,0.30647,-1.5797
0.29129,0.27855,-1.5748
0.28966,0.25449,-1.5709
0.28808,0.23455,-1.5682
0.28645,0.21882,-1.5662
0.2847,0.20732,-1.5645
0.28276,0.19992,-1.5627
0.28061,0.19636,-1.5604
0.27825,0.19618,-1.5574
0.27562,0.19878,-1.5535
0.27266,0.20334,-1.5485
0.26927,0.20901,-1.5422
0.26535,0.215,-1.5346
0.26091,0.22083,-1.5256
0.25608,0.22644,-1.5159
0.25113,0.23214,-1.5063
0.24634,0.23841,-1.4976
0.24195,0.24563,-1.4907
0.23807,0.25394,-1.4861
0.2347,0.26315,-1.4842
0.23169,0.27277,-1.4848
0.22883,0.28218,-1.4876
0.22588,0.29081,-1.4921
0.22265,0.2982,-1.4978
0.21899,0.3041,-1.5041
0.21486,0.30845,-1.5107
0.21023,0.31133,-1.517
0.20514,0.31292,-1.523
0.19969,0.31342,-1.5284
0.19399,0.31306,-1.5334
0.18818,0.31207,-1.5378
0.18243,0.31069,-1.5417
0.17688,0.30913,-1.5453
0.17169,0.30756,-1.5486
0.16693,0.30607,-1.5517
0.16264,0.30471,-1.5546
0.15882,0.30345,-1.5573
0.15545,0.30224,-1.5598
0.15249,0.30102,-1.5622
0.14996,0.29974,-1.5643
0.14791,0.29839,-1.5662
0.14632,0.29695,-1.5679
0.14513,0.29542,-1.5694
0.14417,0.29374,-1.5707
0.1432,0.29187,-1.572
0.14205,0.28978,-1.5731
0.14064,0.28753,-1.5741
0.13898,0.28519,-1.5752
0.1371,0.28285,-1.5762
0.13505,0.28059,-1.5773
0.13286,0.27846,-1.5785
0.13056,0.27651,-1.5798
0.12815,0.27475,-1.5813
0.12564,0.27318,-1.5829
0.12303,0.27177,-1.5847
0.12029,0.27049,-1.5866
0.11743,0.26929,-1.5887
0.11441,0.26814,-1.5909
0.11124,0.267,-1.5931
0.10792,0.26585,-1.5955
0.10449,0.26469,-1.5978
0.101,0.26354,-1.6002
0.097522,0.2624,-1.6026
0.094086,0.26128,-1.6049
0.090718,0.26018,-1.6072
0.087426,0.25908,-1.6094
0.084201,0.258,-1.6115
0.081027,0.25694,-1.6136
0.077887,0.25592,-1.6156
0.074763,0.25497,-1.6177
0.07165,0.25416,-1.6197
0.068548,0.25354,-1.6219
0.065464,0.25316,-1.624
0.062407,0.25306,-1.6263
0.059376,0.25328,-1.6286
0.056354,0.25379,-1.631
0.053294,0.25457,-1.6335
0.050113,0.2555,-1.6359
0.046684,0.25645,-1.6383
0.04284,0.25721,-1.6406
0.038386,0.25753,-1.6427
0.033123,0.25717,-1.6445
0.02689,0.25591,-1.6459
0.0196,0.25358,-1.6469
0.011253,0.25012,-1.6474
0.0019157,0.24552,-1.6474
-0.0082955,0.23987,-1.647
-0.019213,0.23335,-1.6462
-0.030628,0.22616,-1.6451
-0.042305,0.21855,-1.6439
-0.054,0.21076,-1.6427
-0.06547,0.20302,-1.6415
-0.07648,0.19554,-1.6403
-0.086819,0.18851,-1.6394
-0.096316,0.18209,-1.6385
-0.10484,0.17641,-1.6379
-0.11234,0.17155,-1.6375
-0.1188,0.16757,-1.6372
-0.12428,0.16446,-1.6372
-0.12883,0.1622,-1.6375
-0.13244,0.16077,-1.6379
-0.13507,0.16015,-1.6386
-0.13677,0.16026,-1.6394
-0.13769,0.16099,-1.6402
-0.13801,0.16217,-1.6412
-0.13794,0.16366,-1.6421
-0.13766,0.16532,-1.643
-0.13732,0.16706,-1.6438
-0.13702,0.16879,-1.6446
-0.13684,0.17045,-1.6453
-0.13681,0.17203,-1.6459
-0.13697,0.1735,-1.6465
-0.13731,0.17489,-1.647
-0.13783,0.17619,-1.6475
-0.13852,0.17742,-1.648
-0.13936,0.1786,-1.6484
-0.14034,0.17973,-1.6489
-0.14145,0.18079,-1.6493
-0.14266,0.1818,-1.6497
-0.14398,0.18272,-1.6501
-0.14538,0.18354,-1.6504
-0.14684,0.18426,-1.6506
-0.14837,0.18487,-1.6509
-0.14995,0.18537,-1.651
-0.15158,0.18578,-1.6511
-0.15323,0.18612,-1.6512
-0.15489,0.18643,-1.6513
-0.15653,0.18674,-1.6514
-0.15814,0.18707,-1.6514
-0.15966,0.18746,-1.6514
-0.16107,0.18793,-1.6514
-0.16229,0.1885,-1.6514
-0.16327,0.18919,-1.6515
-0.16393,0.19003,-1.6515
-0.16421,0.191,-1.6516
-0.16411,0.19209,-1.6516
-0.16366,0.19328,-1.6517
-0.16293,0.1945,-1.6518
-0.16205,0.19571,-1.652
-0.1611,0.19684,-1.6521
-0.16017,0.19788,-1.6523
-0.15928,0.1988,-1.6525
-0.15846,0.1996,-1.6527
-0.1577,0.2003,-1.6528
-0.15702,0.20088,-1.653
-0.15641,0.20133,-1.6531
-0.1559,0.20164,-1.6532
-0.15551,0.2018,-1.6532
-0.15524,0.2018,-1.6533
-0.15505,0.20166,-1.6532
-0.15494,0.2014,-1.6532
-0.15488,0.20103,-1.6531
-0.15486,0.20057,-1.653
-0.15489,0.20005,-1.6529
-0.15497,0.19947,-1.6527
-0.15511,0.19886,-1.6526
-0.15529,0.19824,-1.6525
-0.15548,0.19766,-1.6524
-0.15566,0.19715,-1.6524
-0.15579,0.19672,-1.6523
-0.15586,0.19641,-1.6523
-0.15587,0.19619,-1.6523
-0.15584,0.19607,-1.6523
